147.96
148.71
146.14
145.38
151.21
148.71
148.84
149.64
143.78
140.52
140.36
143.11
137.59
137.35
140.82
149.24
145.54
147.11
142.56
146.5
154.51
152.06
157.28
156.77
166.02
159.48
157.96
157.65
163.64
156.57
156.8
162.88
161.79
166.42
167.23
167.4
165.07
165.29
170.4
167.66
165.75
170.09
172.14
171.83
175.06
178.44
174.31
174.61
177.77
178.96
175.6
174.72
174.07
170.21
168.82
165.38
163.98
160.62
159.59
155.09
150.62
154.73
158.52
162.95
157.44
159.3
163.17
166.23
166.56
163.2
165.12
164.85
162.74
160.07
164.32
167.3
168.88
172.55
172.79
168.88
168.64
172.12
176.28
174.83
171.66
172.39
172.9
175.84
174.61
174.78
170.33
159.22
159.69
159.78
161.62
162.41
164.51
166.23
169.8
173.07
172.19
175.53
175.08
172.19
172.17
172
174.92
179.7
182.01
177.57
178.2
179.38
179.29
180.33
176.28
175.64
172.99
169.75
171.14
172.26
179.3
174.33
175.74
179.45
174.56
175.08
171.18
165.32
161.84
163.76
164.77
165.3
160.24
156.81
161.94
161.41
161.02
160.55
157.87
153.49
151
150
149.99
147.87
147.92
150.81
150.44
151.28
150.96
151.49
150.02
148.96
149.8
152.57
148.85
149.32
148.64
148.69
149.48
149.26
148.76
146.55
144.84
143.76
140.91
141.51
142.81
142.9
143.29
142
141.11
139.14
142.65
141.5
142.83
141.91
145.37
146.92
146.83
145.85
143.43
142.94
146.06
148.79
149.03
148.12
149.55
148.97
154.07
155.11
156.69
154.3
153.65
152.51
151.83
153.12
148.6
147.54
148.36
149.62
149.71
148.19
146.7
146.36
150.19
151.12
149.1
148.89
145.86
145.6
146.09
146.14
147.06
146.95
147.36
145.52
145.86
145.64
144.98
146.77
148.99
148.56
146.8
145.4
146.15
142.45
146.39
148.48
149.15
145.64
144.5
145.11
143.24
144.57
142.02
139.96
137.27
136.96
136.33
134.78
133.11
133.41
133.7
133.98
132.3
130.46
131.79
130.15
129.64
130.48
127.35
126.11
127.13
126.74
125.9
125.89
123.54
125.06
124.28
124.61
125.28
126.85
126.9
127.1
125.43
127.31
124.69
124.85
126.27
127.45
124.97
122.77
125.91
126.85
130.21
129.74
128.1
127.85
132.54
131.46
133.48
133.58
134.39
134.72
134.32
131.94
133.5
133.11
134.84
134.16
134.5
132.03
134.43
131.24
132.995
130.36
127.9
126.21
125.9
123
122.15
119.9
121.39
121.21
120.59
120.09
122.54
123.39
119.99
120.53
124.76
125.57
123.99
121.03
121.96
119.98
121.085
116.36
121.42
120.13
122.06
125.12
127.79
121.26
120.99
125.35
125.86
126
129.87
129.71
130.84
133.19
135.37
135.13
135.39
136.01
136.91
136.76
137.39
133.94
134.99
134.14
131.96
137.09
142.06
143.16
142.92
139.07
136.87
132.03
127.83
127.14
128.91
130.89
128.8
128.98
132.05
130.92
126.6
131.01
129.41
132.69
133.72
134.87
136.69
131.97
130.96
131.88
128.23
126.655
128.7
127.81
127.88
121.78
122.41
123.24
121.78
124.38
123.75
122.25
122.94
123.08
122.72
119.05
116.59
116.03
115.17
113.85
117.34
118.64
118.03
119.39
120.3
119.26
119.21
119.49
115.97
116.32
118.69
119.03
114.95
110.44
108.77
108.86
115.32
111.2
116.6
115.05
115.04
115.75
116.87
117.51
115.98
119.02
120.71
121.19
121.1
124.4
116.97
114.97
115.08
113.16
116.5
113.02
116.79
115.81
114.09
114.96
112.28
108.22
107.12
111.81
110.08
106.84
110.34
112.13
115.54
115.355
112
113.49
117.32
112.82
120.96
120.88
131.4
134.18
129.04
124.8075
125.01
126.5225
124.825
125.8575
124.37
118.275
115.7075
115.5625
114.6075
114.9075
115.01
113.01
109.375
112.7275
111.1125
113.9025
110.0625
109.665
108.9375
106.26
96.19
95.04
93.2525
94.81
92.615
92.845
97.2725
97
98.3575
96.3275
96.5225
97.725
97.0575
95.4775
95.92
95.6825
95.3425
93.1725
93.4625
91.0275
91.0275
91.2
90.445
88.4075
91.21
90.015
91.6325
89.7175
87.43
87.9325
87.8975
88.02
85.7475
84.7
83.975
88.21
85.9975
83.365
82.875
80.58
81.28
80.835
80.4625
79.485
79.5625
79.5275
79.1825
79.7225
79.2125
79.8075
78.285
78.74
76.9275
77.385
76.9125
77.8525
78.7525
77.5325
75.935
75.1575
74.39
73.29
72.2675
73.45
71.9325
69.645
70.7925
70.7425
68.7575
69.025
67.0925
69.2325
70.7
71.6725
71.1075
71.7625
68.3125
66.9975
66.5175
64.8575
65.6175
60.3525
61.2325
60.2275
63.5725
63.7025
61.935
64.61
61.38
61.72
56.0925
57.31
61.195
61.6675
63.215
60.5525
69.4925
62.0575
68.8575
71.335
66.5425
72.2575
73.23
75.685
72.33
74.7025
68.34
68.38
73.1625
72.02
74.545
78.2625
80.075
80.905
79.75
81.2375
81.2175
81.8
79.9025
80.3875
80.0075
81.3025
80.3625
79.7125
77.165
77.3775
80.9675
81.085
79.4225
77.2375
79.5775
79.8075
79.425
79.1425
79.6825
78.81
77.835
78.17
79.24
77.5825
77.4075
75.7975
74.5975
74.95
74.3575
75.0875
73.4125
72.88
72.45
72.4775
71.0675
71
69.86
70.005
69.935
70.1025
69.965
68.7875
67.865
67.6925
67.12
66.73
67.6775
66.395
65.435
64.8625
66.04
66.8125
66.96
66.0725
66.5925
65.445
65.5025
65.7975
66.5725
66.775
66.44
65.66
66.1175
65.49
65.55
65.035
64.8575
64.31
64.2825
64.375
63.955
62.19
60.815
60.8225
62.2625
61.645
60.895
60.795
59.99
60.1275
59.1025
58.82
58.5925
58.83
58.9675
59.0525
57.5225
56.7575
56.1
56.765
56.7525
55.205
54.74
56.1475
55.9925
54.705
54.9725
55.2575
54.42
54.68
54.4325
55.24
55.6925
55.175
54.975
54.6875
55.7713
55.8975
54.175
53.5425
53.315
53.32
52.2975
51.425
52.185
52.2525
51.3825
51.04
51.6225
50.66
53.115
53.16
52.59
52.5875
51.625
50.435
50.6875
52.2425
50.12
50.2475
50.8575
49.76
49.25
48.335
51.005
52.1075
53.26
52.195
52.42
51.935
51.755
52.1675
52.21
51.805
50.6475
51.415
50.8375
51.125
51.3025
50.825
50.4375
50.8075
50.31
50.005
51.0575
51.1025
50.6825
50.3875
49.48
49.935
49.95
48.8925
49.645
49.695
49.865
49.4675
49.6125
48.4725
48.185
48.5375
48.5475
48.7025
48.145
47.5375
46.305
45.635
44.91
43.325
43.7675
44.575
44.345
44.5575
44.7425
44.915
45.695
46.65
45.7725
47.25
47.52
47.73
47.165
46.43
49.295
50.18
50.725
50.715
52.12
52.9375
52.2875
52.63
50.1675
51.1525
51.075
51.32
51.79
51.87
51.1325
50.965
50.7825
49.8125
49.8075
49.7175
49.7375
50.155
49.875
50.025
49.25
48.9225
48.8375
48.505
47.81
47.4875
47.18
47.1175
46.6975
47.185
47.7625
48.7725
47.04
46.6325
47.005
46.53
45.9325
45.4275
45.2275
44.725
43.2275
43.125
43.63
43.8825
43.9625
43.7425
43.2875
43.7175
43.5825
43.5575
43.2425
42.765
43.0075
42.7325
42.605
42.7
42.545
42.7225
42.3575
42.6025
42.735
43.56
43.545
42.8125
41.63
41.61
41.3125
38.67
39.075
39.44
38.175
38.48
38.325
39.205
38.965
38.735
38.2675
37.5
38.0725
38.45
38.3275
37.6875
36.9825
37.065
35.5475
39.48
39.435
39.0575
39.0375
39.2925
36.7075
37.6825
39.2075
40.2225
41.5175
40.985
41.37
42.7375
42.275
42.1575
42.4
42.1225
43.68
44.1725
46.205
44.645
44.8875
45.235
43.56
43.655
43.0725
44.195
44.245
46.465
48.3825
47.8525
46.7
48.0575
48.5425
51.1175
52.1225
52.4875
50.9425
50.3975
51.87
55.555
54.715
53.325
53.06
54.075
54.95
53.7725
55.6825
55.1625
54.8275
54.005
55.2975
55.5375
54.34
55.5275
53.6125
54.09
56.7175
55.9425
56.0725
56.9975
58.0175
57.32
56.815
56.435
56.2375
55.105
55.5475
55.1975
54.415
55.0075
54.5925
54.56
54.47
55.96
56.6025
55.2675
55.9625
54.5825
55.325
55.775
56.7175
57.09
56.9075
56.2575
55.745
54.925
54.485
54.04
53.8725
53.7625
53.76
53.865
54.395
53.33
52.56
52.4375
52.2175
51.8825
52.22
51.8125
51.7775
52.2675
51.9975
51.8475
50.375
47.5725
47.4775
47.745
48.5525
48.705
48.25
47.9025
47.86
47.97
47.6
47.8625
47.7275
47.8325
47.7575
46.97
47.5875
47.645
46.9925
46.35
45.98
46.795
46.2775
46.375
46.04
46.1075
45.5425
46.23
46.365
46.625
46.4225
47.185
47.21
47.7
47.675
48.07
47.8075
47.925
48.365
48.495
48.3275
47.9575
47.56
46.7175
46.875
46.975
47.145
47.0375
47.09
46.79
46.9075
46.5775
46.7475
47.045
46.61
47.0375
47.1475
47.51
46.84
46.5125
46.29
45.9575
44.2225
44.1425
42.275
41.315
40.58
41.055
40.9125
40.735
41.31
41.43
43.2
44.46
44.56
43.955
43.6825
43.535
43.11
43.3125
42.5125
42.095
43.2
42.9025
42.0975
41.67
41.945
41.62
42.085
43.1925
41.235
42.2125
42.8175
43.81
43.825
44.505
44.6625
44.61
44.9925
45.43
44.995
44.235
43.7575
44.1675
44.205
44.0525
43.75
44.53
44.5975
44.7425
43.875
43.125
42.7675
42.9625
43.1075
43.2475
41.8425
41.085
40.6775
39.1025
38.7875
39.885
40.7575
39.1225
40.125
41.945
41.8575
41.7425
41.99
42.8775
42.7775
43.555
44.26
44.25
44.615
44.815
44.775
44.0475
44.2725
43.82
43.5725
43.5825
43.5875
43.75
43.2575
43.0575
43.065
42.3075
42.77
42.65
42.6425
43.7525
43.7525
43.5875
43.635
44.105
43.4925
43.055
43.0675
42.925
43.1675
42.3425
42.33
42.2525
42.41
42.45
42.7625
42.9625
42.37
43.2675
43.5225
43.7425
43.74
43.285
42.495
42.5375
42.775
42.27
42.835
43.4925
43.6675
43.97
44.06
43.7025
43.5625
43.125
42.0275
41.7225
42.26
41.68
40.7625
39.3525
39.1025
39.275
39.0425
39.0625
38.995
39.94
40.1175
39.97
39.2475
39
39.1375
38.975
38.96
38.825
38.8475
38.37
38.62
38.4525
38.53
38.32
38.5575
38.285
37.6375
37.9725
38.3475
39.0175
39.6825
39.6675
39.97
39.57
39.9125
40.215
40.375
39.6575
40.315
40.4775
40.52
41.0125
41
40.8375
40.7275
40.3675
39.965
39.8175
39.995
39.945
39.3025
39.375
39.465
40.2375
40.4
39.9625
39.37
38.83
40.265
40.02
39.7025
39.0975
38.8925
39.285
37.5125
37.1825
37.375
37.64
38.365
38.185
38.0225
37.5675
37.585
37.755
37.52
37.39
37.26
36.9425
36.435
36.3825
36.265
36.045
35.6825
36.0225
35.875
36.005
35.92
36.4575
35.9325
36.455
36.57
36.4075
36.4675
36.2525
36.585
35.5675
36.0725
36.29
36.6475
36.355
37.245
38.7475
38.8425
38.6125
38.4825
38.8625
38.295
38.19
38.4175
38.4025
38.4675
38.335
38.45
38.4975
38.265
38.135
37.5625
38.8675
38.925
39.025
38.4875
38.315
38.4975
38.2525
37.24
36.6325
36.765
36.8775
36.645
35.9125
35.9475
35.92
36.1325
35.91
35.5675
35.61
35.17
35.3
35.4575
35.2625
35.45
35.4075
35.7925
35.835
35.915
36.005
36.1925
35.925
35.915
35.9825
36.03
35.95
35.22
35.16
35.23
35.355
34.96
35.365
34.9975
35.1725
35.115
34.7475
34.8
34.785
34.67
34.75
34.88
34.835
34.945
34.74
34.9475
34.2475
34.2325
34.165
34.1325
34.2775
34.175
33.93
33.8363
33.8775
33.755
33.3225
33.03
33.105
33.01
32.8825
32.5725
32.27
32.1325
32.1875
30.3375
30.4075
30.4875
30.485
30.47
29.9925
30.02
30
29.945
29.9975
30
29.76
29.8125
29.9375
29.7775
29.7475
29.4775
29.1525
29.005
29.0375
28.955
29.1825
29.19
29.315
29.13
29.0725
29.265
29.2375
29.16
28.9925
28.955
28.7975
28.7975
28.325
28.4875
28.03
27.7575
27.4875
27.2775
27.475
27.3725
27.63
27.865
27.8925
27.9475
27.8075
27.95
27.9325
27.515
27.4875
27.4975
26.7775
26.4275
27.1075
26.9475
27.72
27.765
27.6025
27.21
27.4575
27.8975
27.8725
28.385
28.43
28.62
28.8975
29.5625
29.4125
29.15
29.265
29.28
29.3675
29.3875
29.4075
29.245
29.335
29.075
29.0125
28.515
28.4725
28.2625
28.25
28.13
28.2625
28.045
28.4875
28.2725
28.22
28.1775
28.655
28.3875
28.3925
28.395
28.73
28.8925
27.9425
26.9875
26.36
25.7825
26.38
27.09
26.925
26.9325
26.6825
26.525
26.5
26.705
26.735
26.8925
27.0075
27.2125
27.1275
27.34
27.27
27.305
27.345
27.37
27.045
26.9825
27
27.2025
27.0925
26.87
26.4675
26.4475
26.12
26.5125
26.0525
26.085
25.7375
24.1675
24.335
24.665
24.8575
24.99
24.9675
24.9575
24.695
24.6975
24.2175
24.355
24.245
24.17
23.985
23.8825
23.7475
23.9725
23.9
23.6
23.3975
23.01
23.35
24.025
23.8875
23.9775
23.775
23.8325
24.3875
24.285
24.365
24.335
24.7075
24.9125
24.735
24.7575
24.6575
24.48
24.43
24.615
24.965
25.0875
25.1025
24.905
24.475
24.1075
23.805
23.55
23.64
23.3725
23.47
22.63
22.585
23.1275
23.355
23.1975
23.18
23.31
23.5475
23.795
23.41
23.435
23.7075
24.455
26.0875
26.27
26.42
26.4925
26.7825
26.7275
26.87
27.4625
28.025
28.01
27.61
27.255
27.165
27.135
27.74
27.4525
27.78
27.4975
27.2475
27.39
26.92
26.2975
26.4175
26.5325
26.68
26.4775
26.48
26.45
26.4925
26.145
25.63
25.565
25.2925
25.28
25.2575
25.4675
25.7525
25.375
25.1875
25.1325
24.1725
24.2275
24.19
24.025
23.6725
24.22
24.01
24.065
24.53
24.16
23.4975
23.425
23.5675
23.7475
23.7525
23.505
24.15
24.0875
23.62
24.1075
24.335
23.5225
23.355
24.9975
24.86
25.355
24.075
24.1975
24.165
24.2825
24.88
24.3475
24.99
24.6325
24.24
24.1125
25.175
25.6775
26.3375
26.315
26.83
27.185
26.705
27.0075
27.1525
26.8075
26.8325
26.5075
27.245
27.835
27.6225
28.12
28.295
29.0425
28.905
29.5575
29.57
29.7575
28.8
29.07
29.335
29.575
29.4525
29.5075
29.72
29.4375
29.825
29.695
29.3225
28.4225
28.5437
28.085
28.93
29.0275
29.1925
30.1425
30.265
30.23
30.5
30.6425
30.295
29.875
30.1325
29.8175
28.6375
28.82
29.77
28.875
28.44
28.4425
27.9325
27.76
27.965
27.5525
27.9475
27.9
28.03
27.375
27.695
27.8275
27.695
27.595
27.395
27.575
27.265
28.11
28.6775
28.75
28.58
28.35
28.8025
28.3625
28.48
29.1025
29.07
28.8275
28.5525
28.1425
27.5375
28.0775
27.3175
27.5925
28.085
26.93
28.19
28.3225
28.23
27.4225
25.935
25.78
26.44
28.1625
28.7525
29.125
29.29
28.99
28.7875
28.81
28.3725
29.93
28.88
28.7825
28.85
28.66
29.61
30.325
30.5925
30.7475
30.845
30.6925
31.125
31.29
31.305
32.6875
33.0175
32.405
32.1275
31.705
31.4025
31.415
30.82
30.0175
30.6425
31.4225
31.5
31.61
31.65
31.3562
31.1325
31.6875
31.875
32.0275
31.7575
31.9025
31.65
31.97
31.825
31.9
31.73
31.7925
32.1475
32.22
31.855
31.95
32.1625
32.34
32.53
32.49
32.6337
32.57
32.945
33.0112
32.405
33.135
32.8475
32.515
32.5175
32.5475
32.1925
32.2375
31.5025
31.4662
31.58
31.905
31.315
31.2525
31.45
32.175
32.2375
31.2875
32.16
32.64
33.1625
32.57
32.4175
32.155
31.7275
31.9
31.1875
31.5425
31.695
31.575
31.7125
31.775
31.64
31.4
31.5025
31.8375
31.33
31.0625
31.1075
31.5925
30.8125
31.06
30.845
31.6725
31.8025
31.475
31.8738
32.1175
31.76
31.2375
30.8975
31.1125
30.56
31.1275
31.785
31.65
31.6025
32.135
32.34
32.2725
32.115
32.6037
32.1975
33.0425
33.25
32.3738
32.1125
32.1788
31.9575
31.77
31.615
31.22
30.505
29.93
29.7325
29.985
29.89
29.6625
29.6575
29.29
29.725
28.8275
27.285
28.275
28.245
28.1
27.3875
27.18
26.4975
26.705
27.45
27.555
27.3125
28.0025
27.9725
26.9375
26.565
26.5625
27.3325
27.595
28.13
28.4775
28.4975
28.0025
28.135
28.235
27.945
28.1625
27.3525
26.6863
27.0562
27.4325
27.905
27.9875
28.53
28.1
28.75
28.8725
28.9825
28.6575
28.7675
29.7325
29.75
29.4
29.6563
29.1175
29.0775
28.6675
28.8675
28.4975
28.545
28.205
27.8125
27.425
27.2075
27.2525
27.175
27.215
27.15
27.35
27
26.745
26.835
26.685
26.2775
26.305
26.2075
25.7475
25.6175
24.94
24.4175
24.065
24.385
24.6875
24.9525
25.1825
25.255
25.2
24.6875
24.905
24.905
24.975
24.795
25.1875
25.0275
25.1875
24.4675
25.4375
25.66
25.265
25.24
25.4475
25.395
25.215
25.4075
25.415
25.3575
25.25
24.4975
24.59
24.7425
24.53
24.735
25.825
25.625
25.5625
25.5325
25.2222
25.385
25.33
25.145
25.1425
25.1325
24.79
24.495
24.375
24.31
23.9925
23.9975
23.685
23.62
23.74
23.78
23.8975
24.0325
23.9
24.5375
24.595
24.755
24.4178
24.2575
24.2975
23.68
23.4847
23.6075
23.2725
23.695
23.83
24.1125
23.805
23.7587
23.8475
23.8375
23.992
23.5075
23.37
23.38
23.2325
22.995
22.725
22.59
22.57
22.7075
22.7275
22.965
23.045
23.02
23.05
22.82
23.0725
23.465
23.5625
23.425
23.0561
23.1197
23.0293
22.7693
22.4518
22.6072
22.6922
22.2861
22.3439
21.9332
21.6882
21.6539
21.5968
21.5925
21.3397
21.0293
21.2097
21.2057
21.1725
20.9122
20.9997
21.1547
21.2289
21.4629
21.1636
21.1243
21.0747
21.1547
21.2175
20.4264
20.2775
18.7411
18.9893
18.9704
18.7479
18.5361
18.4986
18.6314
18.5575
18.6957
18.94
18.6943
18.6954
18.9936
19.2425
19.3768
19.3447
19.1693
19.1736
19.195
19.2779
19.4639
19.2568
19.0311
18.8822
18.9736
18.9786
18.8122
18.7389
18.9518
19.1647
19.1461
18.9614
18.9443
18.9554
19.0129
18.9729
18.8486
18.7943
18.8454
18.4768
18.645
18.8411
18.7589
18.9697
19.1918
19.4997
19.4282
19.4439
19.14
19.1414
18.8925
18.56
18.3039
18.3068
18.1711
17.9118
17.8786
17.8494
17.8839
18.0893
19.6607
19.5025
19.8636
19.6968
19.6097
19.3097
19.7947
19.9057
19.5139
19.1332
19.0336
19.1614
19.4093
19.2871
19.4261
19.3207
19.7547
20.0364
19.8043
20.0032
20.1393
20.2739
20.3604
19.6079
19.445
19.6704
19.8211
19.9107
19.8011
20.0193
20.0486
20.1982
20.2297
20.0007
20.2822
20.1786
20.2258
19.6868
19.8597
19.4986
19.05
18.705
18.5643
18.612
18.3929
18.5554
18.5225
18.7497
18.8629
18.5941
18.5718
18.5374
18.5914
18.3033
18.6043
18.766
18.8125
18.5725
18.6679
18.7463
18.4528
18.9242
18.7842
18.9968
18.7486
18.5667
18.6201
18.1747
18.0179
17.8969
17.81
17.7157
17.6004
17.4871
17.3781
17.1764
17.4196
17.2511
17.2646
17.4843
17.4271
17.0268
17.2411
17.365
17.1975
17.4679
17.5229
16.6932
16.8679
16.5957
16.2614
16.0757
16.6036
16.8818
16.7039
17.6657
18.0775
17.7936
17.6882
17.8104
17.4493
17.4006
17.5607
17.532
17.4496
17.9632
17.8936
17.9629
17.9414
17.8954
18.1336
17.9404
17.7825
17.8036
17.4846
16.6914
16.2304
16.4646
16.6064
16.6161
16.7661
16.5193
16.3099
16.1618
16.19
15.9925
15.7496
15.6607
15.7325
14.9639
15.2254
15.1768
15.4199
15.3682
15.3641
15.2657
15.2325
15.2603
15.0261
15.0839
14.8232
14.9079
15.0286
14.9461
14.615
14.1618
14.0636
14.2168
14.3796
14.3764
14.7679
14.8871
15.1071
15.4204
15.4286
15.3589
15.5702
15.4354
15.6286
15.6746
15.779
15.6593
15.8968
16.0468
16.0971
16.062
16.1279
15.8911
15.7657
15.8982
15.7907
15.7626
15.7021
15.8189
15.4736
15.5206
15.3161
15.8521
16.2407
16.1775
16.3132
16.5657
16.3806
16.4539
16.0707
15.9114
15.6889
15.8136
15.3614
14.9002
14.585
14.4808
14.5046
14.2382
13.9475
14.0018
14.3857
15.2229
14.9946
15.35
15.5118
15.5604
15.2493
15.2218
15.1143
15.2757
15.4282
15.3497
15.3182
15.8093
16.1457
16.4691
16.5564
16.4968
16.1689
16.1457
16.2318
16.2757
15.845
15.4464
15.2982
15.3011
15.6382
15.4186
15.3779
15.2022
15.398
15.0018
15.3739
15.7643
15.8775
16.0346
15.8143
16.1004
15.9307
16.0304
16.4282
16.4343
16.6639
16.6789
16.7107
17.1404
16.9636
16.7221
16.3339
16.3516
15.797
16.2007
16.2675
16.3154
16.3668
16.0654
15.71
16.0893
18.3573
18.0275
17.8571
17.9529
18.0747
17.3543
17.9197
18.5822
18.6968
18.4679
18.7611
18.7107
18.8214
19.3606
19.6082
19.0062
18.1996
18.395
18.3214
18.5774
18.5475
18.6332
18.7968
19.0679
18.5297
18.2069
18.9175
19.25
19.3353
18.9222
19.0447
19.5445
19.2426
20.5659
20.9354
20.9029
21.0486
20.8193
20.885
21.0547
20.4107
20.0607
20.0326
20.2047
18.8457
18.7722
19.1743
19.3892
19.3868
19.5379
19.2054
19.9286
20.8161
20.8793
20.6
21.305
21.2614
21.5714
21.7692
22.0297
21.9056
22.6439
21.78
22.5943
23.0219
23.2069
22.67
22.4898
22.4322
22.8897
22.7089
22.7918
23.3068
23.8143
23.9804
23.6182
23.5497
23.8252
24.3329
23.7564
24.055
24.6711
25.0034
24.9536
25.075
25.0682
24.9922
24.6886
24.3922
23.9211
23.5925
23.6693
24.3014
24.1525
23.9368
24.1061
23.7586
23.7096
24.0524
24.1
24.1314
23.6865
23.6654
23.8882
23.4308
23.7554
23.1468
22.7264
22.5297
22.5604
22.5
22.2036
22.1689
22.1379
22.1755
22.2339
21.9893
21.7068
21.6718
21.8129
21.2511
20.8986
20.5314
20.5347
21.4614
21.5654
21.5822
21.94
21.6522
21.6764
21.6754
21.6061
21.3893
21.5868
21.7218
21.9247
21.6386
21.7836
21.4075
21.1614
20.8572
20.3232
20.5179
20.4295
20.3845
20.7893
20.6311
20.9193
20.9789
20.9207
20.5047
20.4118
20.4343
20.5772
20.3989
20.7257
