149.8697
149
148.5689
147.97
151.27
151.74
150.66
149.68
144.34
141.785
141.97
143.26
140.7
141.66
147.3601
149.77
147.5199
148.105
146.2
155.45
156.74
155.83
159.44
164.08
166.48
160.71
158.23
166.2
164.515
159.79
162.34
163.17
167.8699
171.53
168.88
167.82
166.5984
171.27
171.04
169.87
169.03
171.78
173.36
173.63
178.3
178.49
174.88
178.03
179.61
179.01
175.73
175.28
174.14
172.64
169.42
166.35
164.48
161
160
155.57
154.12
159.28
160.39
163.41
162.88
165.02
165.55
168.91
167.36
166.6
165.42
165.12
162.85
166.15
166.69
170.5413
171.91
173.34
172.95
169.58
173.08
175.48
176.65
175.35
173.9458
174.1
176.2399
175.88
174.84
175
170.35
163.84
164.3894
162.76
162.3
166.33
169.68
171.08
172.54
173.78
176.62
177.18
175.18
172.5
174.14
175.3
180.17
182.94
182.88
179.23
180.57
180.63
181.33
180.42
176.8499
175.86
173.2
170.58
173.47
181.14
179.5
177.74
182.13
179.63
176.75
175.96
171.58
167.8799
164.96
164.2
170.3
165.52
161.19
160.45
162.14
161.8
165.7
161.02
158.67
155
151.488
151.88
150.4
149.43
150.13
151.428
151.57
152.2
152.43
151.97
151.57
149.7
149.94
153.165
149.73
150.84
149.37
150.18
149.64
149.7539
149.17
146.84
144.895
143.88
141.4
143.25
144.81
144.1781
144.215
142.15
142.24
142.21
142.92
144.378
144.45
144.75
145.96
147.4701
147.08
146.43
144.6
144.84
148.82
148.97
149.44
151.07
151.42
155.48
156.11
157.04
157.26
154.63
154.72
154.98
152.8
153.49
148.75
149.12
150.32
150.86
150.19
148.5
148
150.72
151.68
151.19
149.4444
149.05
146.72
147.71
146.7
147.11
147.84
147.79
148.045
146.95
146.33
146.55
146.97
149.21
149.83
148.7177
148.195
146.13
147.0997
144.07
149.76
150
149.57
147.46
146.32
145.65
144.06
144.89
143.15
140
137.33
137.41
136.49
135.245
133.89
134.64
134.32
134.08
132.41
131.51
132.55
130.89
130.6
130.54
127.44
128.19
127.75
128.46
126.32
126.16
124.85
125.24
125.35
125.8
127.64
127.39
128.32
127.94
128
127.72
124.915
126.99
126.93
127.89
126.15
124.64
126.27
129.54
131.2582
129.75
130.45
131.4899
134.07
133.56
137.07
135.02
135.41
135.06
135.12
134.15
133.75
135.53
135.47
134.67
135
135
134.66
132.85
133.04
130.39
127.92
127.13
126.1601
124.18
123.52
120.4031
122.58
121.48
121.66
122.9
124.24
123.87
121.43
123.18
125.8599
127.22
124
121.17
123.21
122.17
122.06
121
121.935
123.6
125.71
128.72
127.93
124.85
126.4585
125.56
126.71
129.72
130.71
129.995
132.22
136.01
135.53
136.39
136.99
137.877
136.96
137.42
137.4
135.77
136.31
135.38
136.74
141.99
144.3
144.3
145.09
139.85
139.67
132.49
128.71
130.2242
131
131.45
129.69
130.17
132.63
131.63
131.0499
131.74
133.6116
134.74
135.99
138.789
137.34
133.46
132.43
134.405
128.31
129.1
129.58
128.37
127.9
123.35
122.76
123.87
125.95
124.98
124.57
122.8608
123.78
123.37
123.4693
120.97
117.49
116.75
115.85
117.6202
118.77
119.06
119.82
120.6741
120.99
119.6717
120.53
119.63
117.59
121.99
119.2
119.62
115.59
111.49
110.68
111.99
116.93
115.43
117.28
116.55
116.55
118.04
118.705
118.98
120.419
121.548
121.2
123.03
125.39
125.18
117
116.4
115.55
116.12
116.65
115.37
117.72
117.26
115.31
115.32
112.44
110.25
112.11
112.86
110.19
110.88
112.2
116
118.829
115.93
115.23
120.5
119.14
118.99
123.7
128.84
137.98
134.8
131
126.4425
127.485
126.9925
125.1793
128.785
124.868
118.392
117.1625
116
116.0875
115
116.0425
113.275
112.4825
113.775
113.675
114.4125
110.3925
110.79
111.6364
106.415
96.2975
95.23
94.5497
94.905
92.97
97.0775
97.975
99.25
98.5
97.1475
97.405
99.2475
97.255
99.955
95.98
96.3175
95.375
94.655
93.945
92.6175
91.84
91.495
90.5434
91.33
91.25
92.1975
93.095
89.865
89.14
88.3625
88.85
88.3
86.42
86.95
87.765
88.6925
86.4025
83.4
82.9375
81.405
81.55
80.86
80.5875
80.2875
80.86
79.6775
81.06
79.8075
80.2225
79.88
79.63
79.125
76.975
77.4475
78.9875
79.922
79.2625
77.5875
76.2925
75.81
75.25
73.4225
74.75
73.6325
72.4175
71.4575
71.135
70.7525
70.4375
69.475
69.3125
70.42
71.7362
72.0494
71.5825
72.0625
68.425
67.5175
66.8425
67.925
65.7775
61.425
61.2875
62.18
65.6225
63.88
63.9675
64.67
64.5625
61.9225
57.1249
62.9575
63.21
62.5
64.4025
64.77
69.98
67.5
70.305
71.61
69.5225
72.705
74.8875
75.85
76
75.36
69.6025
71.5
74.47
75.6325
76.045
80.1125
81.1625
81.1425
79.9375
81.495
81.555
81.805
80.975
80.3875
80.85
81.305
81.19
79.91
78.3725
80.67
81.0225
81.9625
79.6
77.9425
80.8325
79.89
79.9975
79.755
79.685
78.925
78.875
79.3925
79.2675
78.1675
77.6075
76.11
75.225
74.99
75.145
75.15
73.42
73.1725
73.4925
72.495
71.2225
71.0625
70.6625
70.295
70.475
70.4425
70.1975
68.825
68.14
67.775
67.5175
67.7
67.75
66.4725
65.8275
64.8825
67.0625
67
66.995
66.79
66.61
65.795
66.0012
66.5208
67
66.8575
66.445
66.22
66.195
65.6975
65.6175
65.11
65.0875
64.3725
64.5475
64.4613
63.9825
62.2925
61.325
62.4375
62.3125
61.6825
61.2
60.81
60.55
60.2475
59.395
59.0375
58.81
59.4125
59.5335
59.41
57.61
56.9475
57.015
57.4825
56.8725
55.24
55.895
57.055
56.145
55.24
55.235
55.375
55.6225
54.96
55.64
55.94
55.7125
55.205
55.0325
55.1975
56.605
55.9275
54.195
54.11
53.605
53.4925
52.37
51.745
52.6125
52.33
51.43
52.1375
51.7975
53.0127
53.6088
53.4125
53.3375
53.1827
51.79
51.285
51.61
53.035
50.5129
50.69
50.8825
49.89
49.5168
49.6623
51.6075
54.5075
55.3425
52.54
52.66
52.4325
52.31
52.2875
52.2275
51.8075
51.625
51.47
51.2729
51.5275
51.4675
51
51.0975
50.9325
50.3775
50.35
51.27
51.11
50.7831
51.1225
49.8738
50.3925
50.2475
49.815
50.04
50.2125
50.1525
49.97
50.0725
48.74
48.3966
49.1975
48.9925
49
48.8425
47.98
46.3675
46.2475
44.9575
44.48
44.4975
44.8075
44.8375
45.1475
45.535
45.135
46.4275
47
46.0872
47.725
48.1172
47.9375
47.425
47.37
49.7125
50.42
51.335
51.8544
52.21
52.96
53.1625
53.8275
50.85
51.4925
51.25
51.94
52.12
51.9375
51.235
51.0375
50.845
50.3425
49.9625
50.035
50.25
50.185
50.7125
50.0575
49.275
49.0925
49.125
48.615
47.92
47.52
47.3897
47.44
48.22
47.995
49.4225
49.0825
47.3725
47.2475
47.0975
46.8325
46.025
45.825
45.6675
44.78
43.2675
43.61
43.8725
44
44.4375
43.7875
43.7275
43.75
43.825
43.9675
43.25
43.0925
43.33
42.86
42.925
42.8154
43.12
42.75
42.8025
42.665
43.485
43.8925
43.77
42.9138
42.245
42.25
41.5375
39.5325
39.0825
39.5325
38.62
38.785
39.1825
39.47
39.415
38.97
38.3475
37.8175
38.425
38.4925
38.6325
37.955
37.2075
37.1375
36.43
39.7125
39.84
39.63
39.1925
39.3075
37.8875
39.54
40.5275
41.8625
41.8825
42.0875
42.27
43.1425
42.98
42.9475
42.5225
43.6225
43.695
45.5975
46.235
45.0825
45.7
45.3225
43.6925
43.7375
44.1488
45.0675
45.3675
47.675
48.7424
47.9925
48.62
49.295
49.9625
51.5025
52.53
52.515
51.18
51.0975
53.4125
55.59
55.1125
53.795
54.9225
55.0475
55.345
56.0575
55.8125
55.84
55.315
54.935
55.66
55.7475
55.4575
55.72
54.875
56.5875
56.8175
56.2
57.1025
58.0875
58.3675
57.5
57.355
56.46
56.61
55.9375
55.705
55.315
55.34
55.57
54.905
55.4625
55.7375
56.71
57.0875
56.25
56.0748
55.4625
56.3425
56.8375
57.4175
57.295
57.2175
57.065
55.8725
55.135
54.685
54.225
54.2625
54.09
54.2975
54.795
54.4875
53.453
52.685
52.64
52.738
52.275
52.445
51.9525
52.375
52.3125
52.185
52.095
50.44
48.035
48.05
48.7975
48.99
48.7125
48.415
47.99
48.1075
48.1375
47.95
47.9675
48.1625
47.96
47.8525
47.445
47.82
47.67
47.1085
46.6025
46.9875
46.825
46.7975
46.5525
46.82
46.6325
46.23
46.5375
47.0875
46.8
46.5825
47.305
47.54
47.8925
48.22
48.1527
47.9925
48
48.55
48.52
48.485
48.355
47.565
47.0575
47
47.1875
47.4125
47.21
47.125
47.22
47.3175
46.9526
47.2275
47.115
46.7675
47.3825
47.515
47.5925
46.85
46.555
46.9175
46.0625
44.375
44.4375
42.3
41.815
41.0825
41.4325
41.355
41.5825
41.73
42.8046
43.8475
44.705
44.7341
44.0475
43.96
43.75
43.4808
43.5
43.2725
43.12
43.5576
43.0025
42.1864
42.235
42.9375
42.505
43.7875
43.275
42.48
43.17
43.7725
44.2
44.3675
44.78
45.06
45.13
45.875
45.5975
45
44.28
43.9625
44.5625
44.435
44.075
44.9438
45.1538
45.12
44.8475
43.9125
43.4875
43.53
43.565
43.705
43.2725
41.885
41.1875
40.9725
39.4725
40.25
40.85
40.93
40.97
41.7
42.155
42.1104
41.8425
42.54
43
43.7375
44.325
44.86
44.445
44.895
45.025
44.8125
44.8475
44.34
43.8721
43.575
43.765
43.9025
43.8425
43.3675
43.6375
43.075
42.6475
42.9625
42.695
42.8675
43.856
44.005
43.855
43.8475
44.3
43.5425
43.2825
43.385
43.0975
43.2225
42.75
42.61
42.5512
42.88
43.155
42.9175
43.035
43.23
43.7175
43.77
43.875
43.75
43.425
42.64
42.8475
42.9675
42.5799
43.37
43.625
43.845
44.0238
44.06
43.8125
43.7475
43.565
42.125
42.485
42.4125
42.0175
40.9
39.4574
39.3875
39.355
39.4225
39.4375
39.27
40.1775
40.2175
40
39.32
39.3425
39.245
39.5
39.1825
38.8725
38.86
38.465
38.7725
38.6125
38.5325
38.57
38.6797
38.48
37.9575
38.0675
38.95
39.565
39.9425
40.125
40.2425
39.85
39.99
40.99
40.5125
40.2875
40.56
40.7475
41.0625
41.235
41.13
40.9725
40.78
40.5
40.14
40.185
40.1175
40
39.4725
39.875
40.1775
40.6275
40.5487
40.0525
39.6432
40
40.3175
40.4575
39.73
39.35
39.3025
39.9375
37.555
37.5825
37.5575
38.4975
38.4825
38.46
38.11
37.61
37.935
37.855
37.5325
37.725
37.3325
37.1225
36.545
36.4625
36.4875
36.1875
35.875
36.1975
36.325
36.24
36.2825
36.5275
36.54
37.07
36.79
36.675
36.5173
36.7175
36.685
36.125
36.12
36.875
36.8625
36.5225
38.7975
38.885
38.995
38.9525
38.6125
38.8625
38.3325
38.5425
38.6075
38.56
38.5875
38.5425
38.725
38.645
38.495
38.335
38.6425
39.015
39.1625
39.105
38.5175
38.485
38.72
38.425
37.245
36.785
36.8725
37.0225
36.8
36.075
36.04
36.15
36.225
35.9875
35.67
35.73
35.5
35.51
35.47
35.595
35.5375
35.8375
35.9698
36.045
36.13
36.365
36.2225
36.03
36.0675
36.125
36.1225
36.01
35.305
35.435
35.3961
35.4
35.7
35.375
35.25
35.255
35.1875
34.9125
34.8575
34.8393
34.6975
34.95
34.995
34.9425
34.9575
35.0697
35.0375
34.3588
34.3588
34.165
34.37
34.28
34.1875
33.9575
33.975
34.0675
33.7725
33.455
33.235
33.1112
33.055
33.0225
32.625
32.2975
32.3475
32.6225
30.3475
30.4075
30.5875
30.61
30.525
30.025
30.2025
30.1125
30.0225
30.125
30.06
29.905
29.825
29.9825
29.845
29.8575
29.54
29.216
29.1275
29.0825
29.3
29.2774
29.5041
29.45
29.13
29.1275
29.35
29.375
29.345
29.125
29.1825
29.05
28.98
28.75
28.675
28.1075
27.7975
27.59
27.5075
27.5225
27.735
28.05
28.0075
28.1163
27.9675
27.8775
28.105
27.9975
27.635
27.5875
27.5575
26.92
26.9522
27.2175
27.7725
27.83
27.93
27.6275
27.5625
27.865
28.0875
28.4425
28.5575
28.8025
28.965
28.925
29.59
29.435
29.2275
29.345
29.44
29.5525
29.46
29.5425
29.36
29.495
29.6725
29.1875
28.64
28.585
28.415
28.5775
28.2625
28.3425
28.45
28.66
28.295
28.3475
28.6975
28.735
28.4973
28.53
29.045
29.0325
28.9325
28.2575
27.1975
26.43
26.43
26.8175
27.19
27.075
27
26.7
26.6425
26.625
26.86
26.9875
26.97
27.1875
27.33
27.275
27.4225
27.4
27.3425
27.5575
27.385
27.11
27.2325
27.225
27.235
27.0925
26.9125
26.5
26.46
26.5175
26.5375
26.1375
26.1125
26.0875
24.4925
24.71
24.825
25.25
25.115
25
25.0325
24.825
24.7475
24.4175
24.425
24.4125
24.2225
24.125
23.915
23.85
24.1163
23.9425
23.6375
23.415
23.2625
23.6638
24.0725
24.2225
24.0875
24.1425
24.1625
24.4375
24.6025
24.6187
24.78
24.8364
24.9975
24.89
24.9675
25.4725
24.5675
24.46
24.885
25.1
25.1175
25.1825
24.935
24.5225
24.2975
23.8575
23.66
23.8025
23.675
23.5975
22.9175
23.195
23.3925
23.3925
23.4425
23.3625
23.5175
23.975
23.935
23.52
23.68
24.47
24.6775
26.325
26.4125
26.62
26.7325
27.0225
27
27.2375
28.075
28.0975
28.085
27.625
27.6525
27.4425
27.605
27.745
27.6825
28.0475
27.5
27.475
27.605
26.9475
26.5475
26.5625
26.7675
26.8225
26.9125
26.625
26.6175
26.5775
26.295
25.7275
25.57
25.56
25.395
25.44
25.7075
25.9375
25.4275
25.2225
25.1925
24.5575
24.5059
24.19
24.095
24.125
24.225
24.19
24.7225
24.5525
24.2125
23.625
23.68
24.0875
23.985
23.925
24.23
24.3325
24.21
24.01
24.1775
24.335
23.63
24.1572
25.22
25.3825
25.365
24.47
24.5474
24.6625
24.4275
25.12
25.2975
25.1725
24.765
24.7775
25.0325
25.5925
26.4625
26.342
26.7575
27.175
27.3575
26.9225
27.25
27.2125
26.93
26.8425
27.38
28.0625
27.9975
28.2
28.17
28.8475
29.235
29.4225
29.65
29.965
29.8125
29.1975
29.5275
29.7025
29.8525
29.6025
29.8075
29.8375
29.9325
29.98
29.9375
29.3725
28.7625
28.56
28.8925
29.205
29.355
29.5175
30.4525
30.4525
30.6725
30.955
30.8725
30.34
30.305
30.1725
29.825
29.135
29.5325
29.807
28.875
28.895
28.5425
27.9375
28
28.025
27.88
28.1125
28.1875
28.07
27.5475
27.9425
27.935
27.8424
27.7534
27.405
27.885
28.3775
28.6425
29.1725
28.875
28.68
28.545
28.8425
28.575
29.1225
29.135
29.1325
29.2225
28.5525
28.3206
28.505
28.14
27.6125
28.195
28.085
27.97
28.6325
28.3275
28.31
27.4725
27.7775
27.2
27.975
28.5875
29.13
29.36
29.4125
29.0775
29.1
28.855
29.545
29.9975
29.0625
29.125
29.36
29.425
30.6425
30.6606
30.6425
30.875
30.9775
30.9025
31.435
31.7725
31.375
33.23
33.2425
32.405
32.1425
31.7875
31.5925
31.4387
30.9625
31.015
31.16
31.5375
31.5575
31.6725
31.735
31.53
31.6175
31.9975
32.3
32.45
31.9025
32.015
31.955
32.0775
31.97
31.9625
31.81
32.0825
32.545
32.335
32.02
32.3025
32.4225
32.645
32.735
32.6638
32.8475
32.8625
32.9875
33.065
33.2275
33.2425
32.9075
32.745
32.72
32.68
32.3725
32.2375
31.7975
31.72
31.89
31.905
31.52
31.6875
32.1125
32.6425
32.5325
31.97
32.8975
33.635
33.2825
32.6575
32.605
32.2175
32.05
32.03
31.535
31.775
31.7825
31.8225
32.1425
31.8025
31.645
31.6
32.0305
31.8775
31.39
31.28
31.6225
31.6
31.175
31.22
31.705
32.01
31.9625
32.1
32.3113
32.29
31.83
31.2375
31.3488
31.225
31.1925
31.805
32.3925
32.3425
32.1875
32.39
32.38
32.57
32.6425
32.7175
32.9
33.4
33.25
32.375
32.2575
32.195
32.22
31.82
31.87
31.23
30.5375
29.96
30.0625
30.0575
30.1275
29.7725
29.7925
30
29.7975
29.53
28.12
28.5907
28.4375
28.1175
27.765
27.2417
26.895
27.515
27.6225
28.2
28.1575
28.3125
28.0375
27.05
26.8575
27.1625
27.86
28.2825
28.48
28.6925
28.63
28.1775
28.3325
28.3725
28.31
28.1625
27.46
27.54
27.9
27.9675
28.45
28.7125
28.575
28.662
29.02
29.3
29.0875
28.9375
29.8125
29.85
29.775
29.9375
29.6925
29.3925
29.215
28.935
28.9225
29.32
28.5475
28.3625
27.8575
27.4375
27.3325
27.33
27.1975
27.325
27.3725
27.575
27.01
26.8375
26.8425
26.685
26.37
26.3725
26.2628
26.0275
25.755
24.99
24.75
24.43
24.7875
25.13
25.445
25.5075
25.595
25.2775
25.03
25.1625
25.0525
25.055
25.1725
25.385
25.1088
25.1875
25.1775
25.7125
25.735
25.535
25.5875
25.5875
25.45
25.315
25.7625
25.5475
25.36
25.2775
25.77
24.8275
24.8475
25.0225
25.8
25.935
25.725
25.695
25.6425
25.375
25.5425
25.3675
25.235
25.2725
25.17
24.8425
24.5475
24.3925
24.31
24.22
24.02
23.705
23.9875
23.87
23.92
24.145
24.155
24.3625
24.675
24.86
24.81
24.46
24.33
24.47
23.7225
23.75
23.685
23.8197
24.275
24.2125
24.2225
23.9725
23.8875
23.9875
24.2
23.9975
23.525
23.515
23.5175
23.4312
23
22.7625
22.675
22.935
22.905
23.1375
23.075
23.0725
23.175
23.1875
23.11
23.53
23.69
23.7625
23.47
23.2593
23.1918
23.1389
22.8122
22.6725
23.0061
22.7454
22.4939
22.3522
21.9546
21.7804
21.6679
21.6572
21.6904
21.3404
21.3072
21.3357
21.2336
21.2022
20.9375
21.2289
21.3318
21.5861
21.4643
21.2214
21.2429
21.4082
21.285
21.2768
20.4282
20.3572
18.9689
18.9938
19.005
18.8486
18.6104
18.63
18.6486
18.6725
19.0086
18.9461
18.79
18.9607
19.2857
19.375
19.41
19.3525
19.3147
19.2479
19.3393
19.6072
19.4911
19.3036
19.0625
19.0239
19.1514
18.9989
18.9275
18.9604
19.2736
19.1911
19.2407
19.0475
18.9993
19.0871
19.0982
19.0229
18.9518
19.0268
18.885
18.75
18.913
18.9257
19.0918
19.1786
19.5318
19.6854
19.4993
19.4589
19.27
19.2054
18.9997
18.6761
18.3393
18.4029
18.195
18.1332
17.9118
18.0893
18.1204
18.3929
19.8143
19.8436
19.875
19.9032
19.6454
19.7168
19.8875
20.0072
19.5261
19.375
19.3143
19.5307
19.4843
19.4986
19.5286
19.775
19.8939
20.0457
20.0032
20.1575
20.3393
20.4243
20.3829
19.7004
19.6429
19.6947
19.98
20.0943
20.1029
20.1907
20.3918
20.2814
20.3422
20.2411
20.5406
20.3282
20.2279
20.1546
19.9404
19.5
19.1479
18.7811
18.6486
18.6147
18.5864
18.6922
18.8282
18.8961
18.9029
18.6518
18.7114
18.6311
18.6118
18.6854
18.745
18.8888
18.815
18.7429
18.8389
18.84
19.2589
18.9643
19.0439
19.0168
18.7739
18.8732
18.725
18.1879
18.0279
17.9475
17.9286
17.7707
17.6371
17.585
17.4211
17.5229
17.5946
17.3071
17.5839
17.5643
17.4693
17.2021
17.3096
17.4486
17.4871
17.6954
17.7468
17.0911
16.9939
16.6554
16.4182
16.4861
16.851
16.9786
16.9175
18.1232
18.14
17.835
17.8814
17.9372
17.8786
17.6054
17.7321
17.7071
17.9468
18.2214
17.9768
18.0568
18.1125
18.2347
18.3479
17.9622
17.9428
18.0089
17.6664
16.7375
16.445
16.575
16.6786
16.8532
16.8096
16.5304
16.3143
16.3337
16.3268
16.0711
15.7514
15.7643
15.8782
15.2486
15.3482
15.4993
15.5311
15.4364
15.3825
15.4093
15.3496
15.2946
15.1714
15.125
15.0357
15.1175
15.1064
15.0582
14.7239
14.2954
14.3354
14.4568
14.5639
14.595
15
15.2136
15.4164
15.5321
15.5607
15.5818
15.6121
15.7589
15.8129
16.0385
15.83
15.9643
16.0971
16.2296
16.1557
16.325
16.2321
15.9821
16.1111
15.9164
15.9343
16.0125
15.91
15.9214
15.7175
15.6375
15.75
16.2571
16.3536
16.4182
16.5357
16.6204
16.6339
16.5071
16.1868
16.0211
15.8904
15.9018
15.4863
14.956
14.7836
14.8304
14.585
14.3643
14.2714
14.4925
15.0214
15.2361
15.2818
15.5054
15.6425
15.6093
15.3036
15.2679
15.1768
15.5357
15.6171
15.6479
15.8464
16.1364
16.3143
16.6371
16.7839
16.5036
16.3564
16.3439
16.4632
16.3379
15.8654
15.5229
15.5179
15.6743
15.6789
15.5511
15.4289
15.5446
15.5425
15.2929
15.6493
15.9954
16.1586
16.1264
16.2543
16.1286
16.0418
16.3461
16.5261
16.7914
16.8443
16.9157
17.2279
17.3193
17.1004
16.7857
16.6607
16.4193
16.2836
16.41
16.4029
16.5214
16.4357
16.1861
16.2939
16.6332
18.3925
18.1386
17.9364
18.2411
18.1943
17.8211
18.125
18.7614
18.8829
18.7502
18.9961
18.9036
19.2368
19.6311
19.8214
19.1214
18.3743
18.4375
18.5522
18.7232
18.5597
18.9357
19.0607
19.1036
18.5714
18.5047
19.2014
19.5714
19.6272
19.2325
19.8286
19.7611
20.3304
20.7786
21.2354
21.0143
21.2232
20.9214
21.0864
21.0714
20.4286
20.2632
20.4268
20.2679
18.9286
19.2679
19.5518
19.66
19.8036
19.8172
20.0797
20.5193
21.0979
20.9918
21.3197
21.5357
21.4986
21.9286
22.2143
22.3768
22.6393
22.6922
22.5632
22.9307
23.3139
23.225
22.6832
22.6922
23.1143
23.035
22.8747
23.1272
23.7857
24.0804
23.995
23.7982
24.1697
24.3254
24.3632
24.0247
24.7422
24.8257
25.1811
25.0022
25.1425
25.0832
24.9929
24.8922
24.4822
23.925
23.9322
24.4032
24.3743
24.2247
24.1554
24.1122
23.8786
23.9841
24.2025
24.1464
24.3168
23.91
23.925
23.8929
24.1029
23.7554
23.1497
22.7414
22.6429
22.8075
22.5
22.2057
22.2047
22.2814
22.3214
22.3167
22.0707
21.8104
22.0143
21.8464
21.4086
20.9225
20.7286
20.7429
21.7743
21.6393
21.9443
21.9768
21.7264
21.8393
21.8436
21.6854
21.5525
21.7022
22.1382
21.925
21.73
21.9407
21.4286
21.1954
20.8572
20.5
20.5979
20.5175
20.7072
20.7925
21.0079
21.0447
21.0714
20.9961
20.5222
20.4822
20.66
20.5936
21.0179
20.7352
