147.46
144.1
144.9
144.46
146.86
147.68
146.84
145.26
137.14
138.34
137.33
137.65
132.61
136.6
139.9
146.68
144.18
143.11
138.8
145.81
152.93
151.49
154.18
154.95
159.26
156.32
153.27
157.25
158.93
155.38
156.72
158.46
161.5
165.91
166.1
163.91
163.57
165.04
166.77
166.64
165.5
169.2
169.85
170.13
174.415
174.44
171.94
174.4
176.7
176.34
172
172.75
170.21
167.65
164.91
163.015
159.76
157.63
154.46
150.38
150.1
154.5
155.98
159.41
155.8
159.04
162.1
165.55
162.95
161.97
162.43
160.8738
152
159.75
162.15
166.19
168.47
170.05
170.25
166.56
168.04
171.55
174.9
171.43
170.95
170.68
172.12
173.33
172.31
169.51
162.8
158.28
157.82
157.02
154.7
162.3
164.18
165.94
169.405
171.09
171.79
174.82
170.82
168.17
171.03
171.64
174.64
179.12
177.71
177.26
178.09
178.14
178.53
177.07
175.27
172.15
169.12
167.46
169.69
170.75
172.3108
172.21
175.53
174.69
173.92
170.7
168.34
164.28
159.72
157.8
164.53
159.92
158.7901
156.36
159.64
159.0601
161
156.5328
153.05
150.99
149.34
149.43
147.48
147.681
147.85
150.0601
150.16
150.06
150.64
149.82
148.65
147.8
146.4128
149.72
148.49
149.0101
147.6211
148.64
147.87
148.12
146.55
143.16
143.51
141.51
139.2
141.0401
141.81
142.56
142.72
138.37
139.36
138.27
139.1101
141.28
142.03
141.69
143.82
145.56
145.64
143.7001
142.78
141.27
145.76
147.221
146.37
146.91
148.75
148.7
153.95
153.975
154.39
153.09
152.4
152.34
151.29
148.61
146.83
147.51
147.8
149.15
147.89
146.78
144.5
146.15
149.09
146.47
148.27
145.84
145.53
145.3
145.52
145.63
146.17
146.28
145.18
145.25
144.11
144.58
142.54
145.55
147.7
146.92
145.81
144.63
142.96
141.67
145.88
147.09
147.68
143.63
144
142.6522
140.665
142.66
140.07
137.745
135.76
135.87
134.35
133.35
132.81
132.93
133.23
131.62
129.21
130.24
129.65
128.461
129.39
127.07
126.1
125.94
126.52
126.2101
124.8321
123.85
123.13
124.05
123.94
124.55
125.08
126.42
126.32
125.94
125.21
125.1
122.86
124.78
125.17
125.85
124.26
122.25
122.77
126.81
129.475
127.13
127.97
126.7
131.83
131.065
132.45
133.08
134.11
133.56
132.16
131.41
131.3001
131.81
133.34
133.28
133.64
131.655
131.93
130.63
129.47
128.52
125.14
125.65
123.07
122.49
121.15
118.86
120.7299
118.92
119
120.065
122.14
120.26
119.675
120.32
122.336
124.715
120.42
119.16
121.26
119.45
118.79
116.21
117.57
118.62
121.84
125.01
122.79
121.2
120.54
122.23
118.39
125.6
128.8
127.41
129.47
132.79
133.6921
133.77
134.4
135.85
134.92
135.86
134.59
133.61
134.61
130.93
130.21
136.7
140.41
141.37
136.54
135.02
133.59
128.55
126.938
127
128.76
128.49
126.86
128.5
130.23
127.86
126.382
128.43
126.76
131.72
133.4
134.3409
133.51
131.1
130.78
129.65
123.449
126.12
128.045
126.56
124.13
121.54
120.55
120.15
121
123.09
122.25
121.52
122.21
120.89
120.01
116.81
116.22
115.17
112.59
113.75
117.29
116.81
118
118.96
118.146
117.87
118.57
116.44
114.13
116.05
116.13
116.8686
112.35
108.73
107.32
107.72
112.2
111.1
114.5399
112.88
114.28
114.59
116.45
115.63
115.66
118.81
118.15
119.62
119.65
119.2845
114.92
114.5901
114.13
112.25
113.55
112.22
115.83
113.62
113.57
112.78
107.67
105
106.77
109.16
103.1
106.09
108.71
112.04
113.61
112.8
110
112.5
115.26
112.68
110.89
120.5
127
130.53
126
124.5775
123.8325
125.0825
123.0525
123.9363
119.25
115.7334
115.61
114.0075
113.9625
113.045
113.9275
110.2975
109.1067
110
110.2925
109.7975
108.8975
108.3875
107.8925
100.825
93.7675
93.7125
93.2475
93.48
89.145
92.0097
96.6025
96.7425
96.0625
95.84
95.905
96.49
93.8775
95.2575
94.7052
94.6725
94.09
93.0575
92.4675
90.91
90.9775
90
87.82
88.255
89.3925
89.63
90.5675
87.7875
86.2875
87.305
87.7725
86.18
83.145
83.5558
83.87
86.5225
83.0025
81.83
80.8075
80.195
80.575
79.7325
79.3025
79.1175
78.9075
78.2725
79.125
78.8375
78.9675
79.05
78.2525
77.581
75.0525
75.3825
75.8025
77.7275
76.81
76.0725
75.4925
74.7175
73.615
71.5793
71.4625
72.0875
70.9725
69.55
69.9875
69.25
68.7175
68.05
66.3575
69.2125
69.215
70.5875
70.1575
69.5125
66.4575
66.175
65.3075
64.75
62.345
59.7435
59.225
59.7825
63
62.35
61.7625
61.59
61.075
58.575
53.1525
57
60.6525
59.28
59.6
60
63.2375
62
67.965
67.3425
65.75
70.3075
72.8525
73.2825
71.45
69.43
64.0925
68.24
71.625
71.5325
72.3075
77.625
79.5525
80
78.6525
80.7125
80.8375
80.3675
79.6775
78.4625
79.5
80.0662
79.7375
78.4086
75.555
77.0725
79.6875
80.345
78.0475
76.22
79.3797
78.9125
79.3275
79
78.75
78.0225
77.3875
78.0425
77.7875
77.0625
76.55
74.289
74.37
73.1875
74.125
73.7975
72.38
71.305
72.03
71.175
70.7299
70.0934
69.64
69.7375
69.78
69.7
69.245
67.7325
66.8303
67.125
66.465
66.2275
66.825
65.6825
65.17
64.0725
65.8625
66.475
66.3275
65.625
65.63
65.21
65.295
65.1
66.3482
66.0575
65.7525
65.525
65.2675
65.23
64.57
64.2125
64.5275
63.8413
64.08
63.845
62.29
59.315
60.3025
60.6425
61.68
60.72
60.4513
60.305
59.9055
59.33
58.5725
58.38
58.3
58.72
58.6675
58.0769
56.825
56.41
56.0825
56.46
55.9725
53.783
54.4825
56.05
55.1975
54.3203
54.7075
54.285
54.2975
54.4125
54.3683
55.0925
54.86
54.78
54.39
54.255
55.715
54.4325
52.9275
52.7675
53.1275
52.8775
51.83
51.055
51.8
51.6638
50.83
50.8825
51.2643
50.25
52.6875
52.9008
52.58
52.5063
50.96
49.9175
50.6467
50.2075
49.7875
49.8225
49.8475
48.455
48.51
48.145
50.4075
51.6859
52.825
51.8275
52.11
51.785
51.6825
51.7925
51.8225
50.9025
50.59
50.925
50.8175
50.875
51
50.55
50.4275
50.39
49.7025
49.6025
50.725
50.6725
50.34
50.1625
49.2625
49.8925
49.3375
48.8225
49.5425
49.5375
49.5075
49.3275
48.8025
48.0425
47.575
48.4
48.3462
48.4
47.905
46.4425
45.5372
45.285
43.63
42.5675
43.7475
44.1675
44
44.4775
44.655
44.4525
45.6375
46.175
45.071
46.69
47.21
46.505
46.3525
45.7125
48.1925
49.165
50.4375
50.2062
50.875
52.5575
52.0325
52.3075
49.7775
50.965
50.53
51.28
51.7625
50.975
50.585
50.63
49.6525
49.64
49.5025
49.0525
49.6108
49.545
49.8075
49.085
48.9825
48.285
48.2875
47.7625
47.095
47.135
46.8825
46.6375
46.145
46.65
47.695
47.4525
46.1825
46.48
46.4475
45.935
45.64
45.23
44.8425
43.8375
42.375
43.005
43.485
43.635
43.4925
43.2225
43.23
43.1825
43.2933
43.4875
42.845
42.575
42.7475
42.3725
42.4375
42.345
42.48
42.425
42.3125
42.105
42.585
43.2133
43.0875
41.82
41.4825
41.14
40.0575
38.5275
38.415
38.58
37.935
37.925
38.155
38.9952
38.315
38.25
37.5125
37.305
37.8775
37.715
37.4075
37.13
36.475
35.95
35.5
38.5575
39.12
38.6375
37.5175
36.68
36.6475
37.4075
38.825
39.7725
41.0975
40.6825
41.32
42.3875
42.255
41.75
40.8325
42.075
42.605
44.0675
45.3025
44.2575
44.425
43.7325
42.72
42.565
43.025
44.1375
43.8775
46.2475
47.365
46.725
46.4825
47.8625
48.4475
50.5625
51.6875
51.0325
50.4225
49.5425
51.3575
54.2025
54.155
52.3175
51.5225
53.1675
54.1875
53.635
53.675
54.735
54.3575
53.25
54.835
54.1907
54.3175
54.21
53.08
54.0125
55.5615
55.05
55.145
56.6825
57.445
56.6575
56.5875
56.005
55.885
54.94
54.925
54.1575
54.3225
54.7875
53.825
54.28
54.3175
55.6305
55.6425
54.96
54.14
54.1175
55.1775
55.325
56.275
56.6575
56.5
55.6
54.8525
54.73
54.0825
53.7775
53.65
53.46
53.5063
53.7775
53.29
52.8675
52.0825
52.065
51.925
51.6675
51.8
51.13
51.69
51.7675
51.3701
50.0875
49.3275
47.335
47.2675
47.525
48.4025
48.1075
48.0125
47.39
47.5425
47.4225
47.4825
47.3
47.6037
47.725
47.3275
46.9025
47.545
47.325
46.3
46.07
45.885
45.855
45.7275
45.95
46.0075
45.635
45.1825
46.175
46.235
46.4325
45.8625
46.8
47.065
47.555
47.61
47.7875
47.5525
47.4425
48.0838
47.98
48.09
47.8375
46.9375
46.535
46.695
46.7175
46.9125
46.5525
46.44
46.695
46.7276
46.5325
46.59
46.5
46.275
46.965
46.8625
46.9125
46.305
45.9162
46.1875
44.5425
43.6103
43.45
41.3175
40.46
40.1575
40.8425
40.6025
40.305
41.0225
41.3575
43.165
44.22
44.1025
43.7075
43.4625
43.26
42.925
42.8825
42.4613
42.05
43.02
41.1925
41.22
41.1175
41.725
41.2975
41.73
41.61
41.235
42.15
42.815
43.735
43.415
44.405
44.5175
44.4525
44.81
45.0525
44.3475
43.7675
43.5675
44.0325
43.63
43.1125
43.165
44.5125
44.54
44.0525
43.385
42.9275
42.7525
42.855
42.9425
42.25
40.72
40.4125
39.3775
37.56
38.7575
39.7671
38.5
39
40.025
41.69
41.625
41.175
41.7675
42.515
42.6325
43.3
44.205
44.1504
44.3525
44.5625
43.7675
44.035
43.9125
43.6225
43.25
43.3525
43.4825
43.2625
43.02
42.99
42.315
42.305
42.62
42.4275
42.4198
43.625
43.525
43.3125
43.5225
43.715
43.115
42.9125
43
42.8653
42.1975
42.205
42.2275
41.615
42.1
42.4075
42.125
42.11
41.79
42.965
43.335
43.6615
43.2625
42.695
42.39
42.41
42.575
42.095
42.795
43.35
43.5675
43.285
43.5825
43.4
42.93
42.78
41.32
41.4025
41.735
40.93
39.675
39.195
38.8175
39.05
38.875
38.99
38.755
39.9
39.8075
39.4125
39.1025
38.9325
38.9375
38.775
38.8713
38.64
38.5125
38.115
38.4775
38.18
38
38.175
38.385
37.9225
37.29
37.64
38.1875
38.4575
39.61
39.4988
39.5
39.5225
39.4775
39.6925
39.9725
39.6325
40.09
40.13
40.14
40.9075
40.87
40.6525
40
39.9825
39.8175
39.6375
39.72
39.505
38.7775
39.18
39.46
40.0375
40.035
39.6875
39.0175
38.6575
39.7775
39.5675
39.1675
38.9225
38.755
39.04
37.1025
37.0325
37.2975
36.825
38.265
37.95
37.475
37.22
37.5475
37.4875
37.1675
37.1425
36.8325
36.36
36.205
36.095
35.8425
35.725
35.6025
35.6809
35.775
35.945
35.57
35.79
35.905
36.345
36.2775
36.28
36.1525
36.235
35.915
35.55
35.5525
35.96
36.2875
35.6275
36.505
38.6
38.62
38.445
38.365
38.2225
38.055
38.095
38.3325
38.3275
38.2575
38.1675
38.3275
38.2275
38.1575
37.7825
37.4275
38.68
38.7625
38.6675
38.0775
38.0275
38.3625
37.2575
36.69
36.4525
36.0675
36.71
36.24
35.8175
35.8275
35.8441
35.9675
35.795
35.4625
35.29
35.1125
35.2775
35.2175
35.2625
35.2525
35.015
35.725
35.8175
35.8625
35.9525
35.7925
35.7625
35.7525
35.875
35.7975
35.155
34.655
35.0875
35.1525
34.94
34.9325
35.0575
34.9725
35.065
34.7563
34.71
34.705
34.66
34.2625
34.705
34.6975
34.649
34.6475
34.69
34.3988
34.175
34.07
33.82
34.075
34.0275
33.995
33.775
33.7099
33.655
33.3125
33.1875
33.0125
32.78
32.805
32.6125
32.225
32.04
31.945
31.7525
30.155
30.165
30.4
30.4
30.07
29.875
29.9425
29.9337
29.8425
29.9275
29.555
29.7025
29.5525
29.65
29.575
29.485
29.1175
28.9525
28.9375
28.69
28.8575
29.1
29.05
29.1225
28.8975
28.91
29.195
29.17
28.9375
28.9112
28.8075
28.745
28.4375
28.1225
28.0775
27.65
27.29
27.2975
27.0625
27.2125
27.2575
27.5675
27.5175
27.8475
27.7375
27.5825
27.85
27.5025
27.415
27.2075
26.65
26.5398
26.02
26.6375
26.4575
27.0125
27.425
27.365
27.0275
27.3875
27.8075
27.6325
28.3
28.3625
28.525
28.3275
29.3275
29.25
29.07
29.0825
28.45
29.3625
29.195
29.2825
28.93
29.1875
29.05
28.68
28.3775
28.2825
28.1725
28.1575
28.07
27.95
27.95
28.3575
28.085
27.8875
27.8875
28.5
28.1103
28.1275
28.3125
28.51
28.3725
27.15
26.81
25.6325
25.7825
26.31
26.7675
26.8775
26.705
26.405
26.41
26.375
26.5725
26.5775
26.67
26.92
27.1325
26.9625
27.09
27.255
27.085
27.3025
27.02
26.945
26.9625
26.94
27.0025
26.79
26.545
26.32
26.1925
26
26.1025
25.92
25.705
25.6875
24.105
24.23
24.5775
24.7825
24.9338
24.835
24.65
24.625
24.33
24.21
24.28
24.1825
24.0125
23.905
23.5925
23.615
23.8325
23.575
23.4075
23.035
22.875
23.1625
23.8125
23.8375
23.669
23.7575
23.825
24.0175
24.2575
24.1875
24.275
24.62
24.615
24.67
24.74
24.3875
24.3625
24.1575
24.5825
24.705
24.8113
24.66
24.5275
24.21
23.9175
23.63
23.3925
23.4725
23.2525
22.9125
22.5
22.3675
23.115
23.0275
23.1475
22.9625
23.17
23.455
23.42
23.1
23.1275
23.5625
23.92
25.9775
26.1275
26.155
26.38
26.515
26.5575
26.735
27.4325
27.8325
27.7
27.165
27.2075
27.0425
27.0302
27.3
27.355
27.5675
27.05
27.22
27.15
26.22
26.265
26.2225
26.475
26.3025
26.285
26.2975
26.24
26.1475
25.9625
25.445
25.375
25.0375
25.0675
25.1
25.24
25.3425
25.1125
24.91
24.355
24.1625
24.145
23.8125
23.33
23.6375
23.98
23.95
24.0227
24.0375
23.6525
23.2525
23.1475
23.525
23.4825
23.26
23.4225
23.7975
23.52
23.57
23.85
23.5875
23.0975
23.335
24.5175
24.8025
24.5925
23.735
23.355
23.875
23.84
23.935
24.325
24.71
24.335
24.19
24.1075
24.9675
25.6025
25.5
26.205
26.795
26.715
26.5452
26.9875
26.8
26.6127
26.3925
26.4525
27.245
27.2
27.5875
27.4475
28.2128
28.8775
28.77
29.215
29.4525
28.7775
28.555
29.02
29.215
29.4375
29.4
29.48
29.28
29.335
29.7125
29.19
28.875
28.33
27.75
28.0675
28.9125
28.8025
29.0153
30.0125
30.155
30.045
30.405
30.175
29.9025
29.8625
29.5675
29.015
28.4975
28.73
29.0825
28.525
28.425
27.705
27.5275
27.6325
27.6225
27.39
27.67
27.86
27.3725
27.0525
27.3525
27.4413
27.2675
26.8875
26.8275
27.1825
26.965
28.11
28.505
28.0925
28.325
28.13
28.415
27.9675
28.4288
28.86
28.605
28.715
27.94
27.475
27.4425
27.58
27.1275
27.51
27.2828
26.84
28
27.885
27.505
26.2625
25.875
23
26.4112
27.9075
28.67
29.0025
28.875
28.5025
28.635
27.4075
28.3325
29.1325
28.625
28.5287
28.025
28.3125
29.38
30.2275
30.4275
30.5675
30.6375
30.53
30.975
31.265
30.4975
32.58
32.675
32.0775
31.8375
31.395
31.26
31.08
30.3025
29.805
30.635
30.9425
31.2125
31.4425
31.4975
31.215
31.12
31.6275
31.875
31.78
31.7198
31.77
31.6
31.805
31.685
31.5925
31.4275
31.7775
32.1187
31.9625
31.405
31.7075
32.09
32.2275
32.475
32.33
32.5125
32.475
32.775
32.5125
32.28
32.85
32.4575
32.335
32.41
32.09
32.0525
31.79
31.4675
31.205
31.4063
31.5275
31.005
30.84
31.445
32.065
31.325
31.145
32.075
32.3925
32.7875
32.3075
32.035
31.58
31.6675
31.2925
31.115
31.5275
31.5025
31.4775
31.6525
31.315
31.165
31.2425
31.495
31.0825
31.0475
30.775
31.0888
31
30.7275
30.65
30.845
31.64
31.63
31.29
31.85
31.5925
31.4125
30.7175
30.645
30.4075
30.5275
30.95
31.265
31.565
31.44
32.08
32.0225
32.075
32.06
31.6525
32.0375
32.7925
32.415
32.0125
32.0825
31.8625
31.73
31.4125
31.3925
30.625
30.04
29.6075
29.6125
29.8125
29.5772
29.4025
29.02
29.2125
28.89
28.8275
27.2575
28.2
27.8825
27.43
27.0675
26.625
26.3
26.665
27.125
27.2275
27.2
27.5525
27.175
26.6737
26.1575
26.3525
26.8375
27.5525
28.0275
28.425
28.0025
28.0025
28.115
27.9925
27.915
27.665
26.705
26.565
26.5875
27.395
27.835
27.885
27.3375
27.905
28.66
28.8225
28.7775
28.1875
27.8175
29.5125
29.4575
29.3625
29.155
29.0075
28.7125
28.45
28.4725
28.325
28.2625
27.9
27.3425
27.1
27.1675
27.1375
26.95
27.0313
26.93
27.0025
26.8025
26.475
26.59
26.3375
26.175
26.1325
25.9075
25.65
25.3175
24.555
24.2025
23.8525
23.795
24.6425
24.9525
25.075
25.1525
24.5775
24.6825
24.855
24.76
24.51
24.675
25.1325
24.6575
24.6
24.43
25.3
25.135
25.145
25.22
25.39
25.1481
24.7225
25.36
25.27
24.905
24.44
24.035
24.5125
24.5775
24.4475
24.645
25.68
25.55
25.39
25.175
25.215
25.32
25.0475
25.0275
24.9875
24.83
24.495
24.215
24.2
24.01
23.9025
23.7089
23.32
23.525
23.6775
23.59
23.7925
23.7025
23.8325
24.4175
24.5625
24.3875
24.16
24.105
23.7925
23.53
23.43
23.255
23.1425
23.685
23.7575
23.9125
23.7156
23.38
23.69
23.48
23.525
23.3
23.2725
23.2825
23.0225
22.6925
22.45
22.4125
22.5475
22.65
22.725
22.8347
22.8375
22.95
22.8625
22.72
22.975
23.3675
23.3925
22.9375
23.0168
22.9504
22.7182
22.4375
22.2322
22.4607
22.4204
22.2779
21.9868
21.6597
21.575
21.5022
21.4547
21.3332
20.9072
21.0014
21.1336
21.0964
20.9786
20.7261
20.9429
20.9904
21.2289
21.0714
21.0611
20.9414
21.0643
21.0539
20.4482
20.1414
20.0261
18.7304
18.8036
18.7129
18.5429
18.362
18.2618
18.4718
18.4693
18.6847
18.6436
18.525
18.6389
18.9493
19.2014
19.295
19.1704
19.1404
19.0804
19.1114
19.245
19.2711
19.1093
18.7975
18.8339
18.8929
18.7572
18.7804
18.6786
18.8986
19
19.0211
18.8693
18.7875
18.8607
18.8975
18.8489
18.6718
18.6472
18.4304
18.4143
18.6072
18.6579
18.7357
18.8929
19.0839
19.4861
19.3289
19.0786
19.0443
18.9107
18.5
18.4779
18.1361
18.0804
17.9557
17.8321
17.6268
17.7393
17.8079
17.9311
19.4911
19.4554
19.4574
19.5647
19.3007
19.2822
19.7029
19.7022
19.2022
18.9243
18.9682
19.1197
19.2389
19.2116
19.0572
19.3011
19.715
19.7857
19.7258
19.9822
20.1206
20.2154
20.0986
19.4578
19.4189
19.2429
19.7634
19.8218
19.7739
20.0011
19.9889
20.0429
20.0322
19.9847
20.2289
20.0293
19.9172
19.6722
19.5647
19.05
18.7143
18.6072
18.5189
18.3454
18.3689
18.4989
18.5072
18.7318
18.6382
18.4629
18.4643
18.3718
18.3068
18.2993
18.5072
18.6786
18.5289
18.4229
18.6168
18.465
18.3764
18.6861
18.7539
18.6589
18.5357
18.1439
18.2686
18.0611
17.8457
17.8296
17.6971
17.4768
17.3271
17.3943
17.0814
17.1621
17.3339
17.0929
17.1692
17.2768
17.085
16.9433
17.1686
17.2821
17.1939
17.4221
17.2357
16.6429
16.7589
16.4521
15.9821
15.9721
16.5964
16.6432
16.6004
17.4821
17.9814
17.4982
17.63
17.7243
17.4054
17.375
17.5404
17.3571
17.3679
17.875
17.8339
17.7929
17.9
17.8864
18
17.8164
17.4673
17.6214
16.7161
16.3082
16.2018
16.3554
16.4918
16.5061
16.5054
16.3093
16.1879
16.0511
16.0439
15.7214
15.5121
15.5646
15.545
14.9539
15.1953
15.1554
15.3789
15.2936
15.1489
15.1714
15.1218
15.0418
14.9375
14.6564
14.6661
14.8339
14.9089
14.6239
14.3293
13.8882
14.055
14.1307
14.2439
14.2161
14.575
14.8275
15.1071
15.3646
15.3701
15.3036
15.3125
15.4107
15.4757
15.6
15.4561
15.5018
15.8468
15.9782
15.8029
16.0536
15.8754
15.6929
15.7446
15.7271
15.5639
15.6507
15.5071
15.3607
15.3932
14.9607
15.0843
15.7911
16.125
16.0886
16.2707
16.2789
16.2036
16.2254
16.0411
15.7368
15.5139
15.4311
15
14.5804
14.5357
14.0179
14.2432
13.9741
13.7536
13.9194
14.2182
15.0204
14.9839
15.3246
15.4
15.2146
15.0982
15.0889
14.9886
15.1875
15.3682
15.2286
15.2764
15.7721
16.0975
16.4475
16.4921
16.1825
16.075
16.0568
16.0179
15.7571
15.6161
15.3732
15.1914
15.2704
15.1836
15.3075
15.0379
15.1582
15.0268
14.9643
15.3564
15.7643
15.7375
15.6307
15.8061
15.95
15.815
16.0286
16.2089
16.4257
16.5721
16.5436
16.7051
16.9018
16.7232
16.2186
16.1636
15.7936
15.7857
16.0125
16.2493
16.2321
16.1471
15.5664
15.5357
16.0804
18.0275
17.7368
17.7286
17.9297
17.5893
17.2636
17.8039
18.5364
18.4114
18.4282
18.6161
18.4
18.7796
19.3214
19.3439
18.1786
18.1472
18.0236
18.2543
18.5254
18.2229
18.5314
18.7679
18.5804
17.9011
18.0564
18.7786
19.1525
19.1918
18.6279
18.9286
18.5225
19.2418
20.4332
20.9107
20.81
20.9018
20.4379
20.7179
20.4897
20.0929
19.8786
19.8064
19.2814
18.0625
18.665
19.1493
19.1557
19.2375
19.0614
19.1175
19.8482
20.7175
20.6286
20.5268
21.2204
20.9893
21.1072
21.6268
21.8086
21.8464
21.8129
21.7722
22.5
23
22.5357
22.2804
22.3322
22.4322
22.75
22.2697
22.7182
23.26
23.7697
23.6654
23.2375
23.4464
23.8125
23.5839
23.6143
24.0357
24.3929
24.9772
24.7722
24.9847
24.8722
24.8075
24.5675
24.0989
23.4286
23.4464
23.6464
24.1347
23.9572
23.9143
23.7322
23.4732
23.6733
24.0214
23.9526
24.055
23.4125
23.6125
23.1468
23.2261
23.2107
22.8147
22.5179
22.4197
22.5075
22.2589
22.0964
22.0643
22.0393
22.0729
21.9736
21.8414
21.4375
21.5357
21.5257
20.9936
20.4139
20.37
20.3572
21.3754
20.9897
21.5607
21.6429
21.5557
21.5411
21.6079
21.4286
21.1672
21.3293
21.6182
21.5754
21.485
21.4161
21.2143
20.8429
20.5089
20.2004
20.4257
20.2618
20.3704
20.5507
20.6229
20.7429
20.825
20.3704
20.3411
20.2593
20.3707
20.2393
20.3797
20.3214
