148.58
144.345
147.03
146.9
147.83
149.9
149.07
145.39
137.39
138.43
140.805
137.79
139.09
139.88
146.85
148.86
145.55
144.59
142.77
153.5
155.52
154.925
156.01
163.85
159.67
158.15
156.71
161.84
159.25
155.91
162.25
161.12
166.46
168.91
168.76
165.02
163.92
170.62
167.39
168.02
168.71
171.78
171.16
172.36
177.5
174.57
174.03
177.84
178.55
176.69
172.17
173.88
171.06
167.99
165.51
163.51
160.51
158.61
157.05
150.9
151.45
158.93
160.2
161.475
158.82
163.36
164.49
168.47
164.39
164.695
163.06
163.84
152.58
165.54
164.98
169.82
171.03
171.85
170.97
167.37
172.33
174.14
176.05
171.73
172.86
171.68
174.48
174.745
174.01
170.16
165.71
162.45
163.5
158.98
160.02
164.415
166.98
170
171.51
171.34
175.78
176.12
172.32
169.08
172.89
172.7
179.61
182.63
177.83
178.085
179.47
179.33
180.16
177.085
175.85
173.04
171.555
168.28
169.93
179.28
175.11
175.25
181.115
175.205
174.91
172.125
169.08
164.29
164.02
158.735
167.48
159.985
159.37
159.565
160.75
161.12
161.68
157.65
153.71
150.995
149.94
150.37
148.43
148.96
150.02
150.2
151.41
151.89
151.58
150.39
148.66
148.985
147.215
149.82
149.36
149.33
148.68
149.69
148.81
148.7
147.01
143.445
143.77
142.11
141.235
143.23
142.27
144.03
143.06
139.47
139.49
141.76
141.9
143.66
142.47
143.25
145.47
145.66
146.65
144.45
143.93
143.8
148.82
148.44
148.56
150.35
150.63
155
155.49
156.98
154.97
153.76
153.87
152.83
152.66
149
147.48
148.35
149.81
149.45
148.31
147.44
145.03
149.8
150.23
148.535
148.97
146.19
146.05
146.44
146.2
146.35
146.98
147.27
145.81
146.36
144.38
144.685
144.81
149.12
148.27
147.55
145.935
145.53
143.46
143.75
148.46
149.24
148.1
144.03
146.21
142.75
141.58
143.535
140.07
137.9
136.6
136.17
134.8
133.41
133.46
134.45
133.77
132.13
130.3
130.71
129.8
130.37
129.94
127.82
126.53
127.02
127.21
126.6
126.17
124.07
124.68
124.28
125.08
125.57
126.44
126.955
127.82
126.01
127.82
125.23
123.16
126.56
126.82
126.25
124.58
123.4
123.5
129.41
130.85
127.89
129.2
131.19
132.04
131.78
136.47
134.31
135.01
134.83
132.16
133.04
132.36
135.02
133.51
134.3
133.82
134.94
132.44
132.52
129.8
128.95
125.83
126.5
123.87
123.66
121.65
120.11
121.65
120.35
119.54
122.82
123.33
120.33
119.9
122.88
124.05
125.7
121.41
120.4
122.54
121.69
119.03
120.93
120.98
121.75
124.81
128.41
123.75
122.59
124.68
124.94
123.76
128.01
130.24
129.2
131.25
135.49
134.35
135.9
136.48
136.62
136.03
137.35
136.3
135.76
135.73
133.75
135.83
139.52
143.43
143.6
143.07
136.28
133.8
128.66
127.78
128.78
130.8
128.76
128.5
129.19
132.43
128.36
127.72
128.89
133.52
134.08
135.58
138.05
133.99
131.32
132.16
131.61
125.02
128.96
128.9
127.41
124.34
122.6
122.43
120.5
124.53
124.37
122.31
122.6
123.52
122.02
121.01
116.97
116.57
115.55
113.91
117.18
118.64
117.59
118.61
119.55
118.92
119.44
119.62
117.19
115.55
120.5
118.32
117.95
114.14
109.66
109.11
111.06
112.37
115.05
115.49
114.01
116.39
117.45
116.67
116.2
119.96
121.28
118.72
121
125.27
120.06
115.28
116.25
114.62
115.7
113.91
112.89
117.64
113.79
114.55
115.01
108.43
105.17
111.62
112.68
104.54
110.4
109.72
115.23
118.33
114.72
114.57
120.36
117.26
113.95
120.07
126.91
137.59
132.76
127.58
126.0125
127.1425
126.1793
124.6975
128.6975
119.2625
115.75
115.9833
114.3525
116.0625
114.8288
114.43
110.4975
111.9688
112.6
113.205
110.405
109.3775
109.1325
108.2
102.8838
94.1875
93.75
94.3675
93.71
90.9875
96.9985
96.6925
99.1725
96.4163
96.9875
96.5625
98.99
94.84
97.265
95.335
96.2625
94.18
93.8525
92.5
91.9625
91.28
90.02
88.3125
91.1025
90.175
91.25
91
87.835
88.6587
87.8525
88.7875
87.865
83.3125
86.18
87.3275
86.975
83.035
82.5625
80.8375
81.0975
81.165
80.1863
79.4375
79.8125
79.1925
79.035
80.875
78.9425
79.665
79.17
78.7575
78.2925
75.0875
76.1275
78.0375
79.4575
77.025
76.41
75.805
75.115
73.765
72.2925
71.5625
72.49
71.1825
71.27
70.45
69.3
68.9675
68.4025
69.07
69.4875
71.1725
71.845
70.6
70
67.0775
67.175
65.685
67.7
62.725
60.7
60.085
61.625
63.9
62.685
63.1875
61.63
62.6875
59.09
57.02
61.795
61.8462
59.9425
61.8775
60.4875
66.2225
63.985
69.3475
69.285
65.9375
70.5
73.88
74.11
75.9175
70.57
64.315
70.275
71.6325
75.2375
74.315
79.655
80.6575
80
78.84
81.185
81.0475
80.3675
80.9
78.545
80.5925
80.6425
80.88
78.8275
76.075
80.2325
80.136
81.1125
78.15
77.515
80.0625
79.48
79.645
79.2975
79.0675
78.3975
77.9625
79.175
77.91
77.65
76.8088
74.29
74.96
73.4475
74.2875
74.06
72.4825
72.365
72.78
71.205
71.1725
70.1325
70.5575
69.875
69.95
69.8925
69.25
67.865
66.945
67.2025
67.15
67.5
66.87
65.9475
65.2675
64.5775
66.8175
66.65
66.395
66.735
65.6775
65.6475
65.9225
66.385
66.975
66.45
65.92
65.9375
65.2825
65.3875
64.575
64.6725
64.685
64.1925
64.2625
64.3325
62.385
61.81
61.19
62.2425
61.855
60.79
61.1275
60.525
60.29
59.38
58.6475
58.7725
58.3425
59.0975
58.725
58.2375
56.9825
56.7575
56.455
56.5675
56.41
54.6075
55.765
56.2675
55.225
55.135
55
54.6375
55.2575
54.7375
55.345
55.5025
55.265
54.99
54.4325
55
56.2
54.5175
53.465
53.71
53.5125
53
52.0975
51.6075
52.54
52.125
51.025
51.965
51.465
52.3575
53.2975
53.2475
52.72
52.655
51.07
50.865
50.79
50.255
49.905
50.325
50.05
48.8525
49.0775
49.4975
51.3825
53.475
54.105
52.19
52.115
51.87
52.2225
51.9175
52.115
50.9125
51.4475
51
51.0125
51.1475
51.0225
50.6125
50.8275
50.4625
49.8
50.2025
50.8375
50.82
50.3525
50.7925
49.67
50.0725
49.4425
49.6075
49.635
49.7
50.0925
49.92
49.0125
48.225
47.8862
48.675
48.4875
48.715
47.9525
46.6275
45.77
46.07
43.86
43.9
44.0575
44.4875
44.105
44.73
45.05
44.95
46.165
46.305
45.88
46.7325
47.4775
46.5675
46.6025
46.9275
49.3548
50.1
50.475
51.47
51.0725
52.7225
52.46
52.47
50.765
51.1
51.225
51.7075
51.84
51.1075
50.7075
50.78
49.885
49.865
49.645
49.8
50.2125
49.67
50.08
49.105
49.1125
48.6975
48.3125
47.7725
47.91
47.4575
47.2375
47.1875
47.916
47.8775
48.835
47.505
46.5575
47.0875
46.45
46.2125
45.975
45.5625
45
43.8725
42.58
43.4675
43.6675
43.985
43.9225
43.57
43.58
43.3025
43.4275
43.54
42.895
42.95
42.7975
42.4275
42.8125
42.4275
42.8475
42.525
42.7625
42.2475
43.1
43.6625
43.215
41.8525
41.74
41.5275
40.8125
39.0625
38.9475
38.87
38.5275
38.5375
39.1025
39.375
38.55
38.27
37.5675
37.7125
38.22
38.125
37.8225
37.39
37.175
36.1325
35.995
38.7225
39.6325
39.375
38.96
37.075
37.0375
39.215
40.1
41.5
41.345
41.3625
42.25
42.6225
42.6
42.915
41.25
43.3725
42.94
45.2375
46.115
45.0725
45.665
44.1825
42.8775
43.56
43.735
44.9325
44.5925
47.5
47.625
47.0975
48.475
47.9075
49.75
51.3875
52.495
51.4925
50.48
51.075
52.3875
54.7625
54.22
52.7875
54.7975
53.975
54.4275
55.65
53.9575
54.9475
54.515
54.465
55.575
54.7325
55.29
55.105
53.63
56.365
55.91
55.5525
56.99
57.695
57.5125
56.8125
56.9875
56.1975
55.955
55.25
54.9375
54.205
55.195
55.06
54.625
54.4475
55.5375
56.4375
55.88
56.235
54.5025
55.2375
55.4625
56.5575
57.2475
57.1025
56.6275
55.8125
55.0375
54.7525
54.2875
54.15
53.6625
53.525
54.2
54.525
53.36
52.9375
52.305
52.5388
51.925
51.84
51.82
51.5125
52.33
52
51.7575
50.145
49.7825
47.575
47.975
48.7475
48.6525
48.265
48.1125
47.67
47.945
47.4225
47.945
47.4375
47.88
47.77
47.3825
47.125
47.6775
47.375
46.355
46.315
46.9475
45.955
46.5725
46.025
46.307
45.7475
45.85
46.53
46.8125
46.5875
46.285
46.97
47.5075
47.8875
48.105
47.8462
47.8375
47.7925
48.535
48.4075
48.2662
47.9087
46.9978
46.805
46.93
46.9
47.0575
47.1925
46.5875
47.0938
47
46.7975
47
46.5175
46.695
47.2525
47.3725
46.935
46.6375
46.2475
46.295
44.5625
43.97
43.8062
41.6025
40.5325
41
41.03
40.655
41.4175
41.7088
42.6488
43.7375
44.4525
44.1225
43.7575
43.695
43.3525
43.0575
43.25
42.47
42.7425
43.145
41.22
41.91
41.97
41.9513
41.8125
43.42
42.0175
42.0975
42.5
43.76
43.81
44.33
44.6625
44.625
45.08
45.6475
45.0725
44.49
43.87
43.735
44.4775
43.8025
43.2
44.635
44.815
44.775
44.0875
43.4175
42.95
43.2075
43.0125
43.09
42.4475
40.7612
40.4875
39.625
39.2675
40.0725
40.7713
38.7075
39.775
41.5
41.7912
41.7175
41.3813
42.54
43
43.6262
44.3125
44.325
44.325
44.6525
44.8425
44.0375
44.475
44.045
43.6475
43.29
43.6375
43.5875
43.36
43.135
43.1325
42.54
42.63
42.75
42.525
42.7
43.67
43.5425
43.7175
43.7575
43.72
43.4075
43.1
43.125
43.0375
42.3
42.6225
42.2575
41.875
42.265
43.12
42.4875
42.6075
43.1575
43.575
43.7625
43.775
43.34
42.695
42.5725
42.76
42.795
42.4925
43.26
43.375
43.7775
43.7775
43.665
43.4775
43.0913
43.5
41.91
42.4675
41.975
40.9725
39.8225
39.3075
39.2275
39.0725
39.2225
39.1525
39.1875
40.105
39.945
39.475
39.1825
39.0875
38.9925
39.0138
38.9525
38.7425
38.545
38.4075
38.5025
38.565
38.3025
38.4725
38.45
37.945
37.4975
38.005
38.95
39.475
39.8775
40.0275
39.6175
39.7475
39.9675
40.6525
40.125
40.215
40.5225
40.6775
40.9375
41.2
40.91
40.95
40.025
40.035
39.9125
40.1075
39.7675
39.5575
39.375
39.465
40.13
40.485
40.165
39.83
39.15
39.975
39.815
39.65
39.265
39.0175
39.2625
39.82
37.275
37.475
37.4725
38.4375
38.3375
37.95
37.645
37.4975
37.875
37.62
37.3
37.205
36.9925
36.375
36.4675
36.1825
36.0275
35.725
35.755
35.9225
36.22
36.1125
36.1775
36.1225
36.2525
36.7925
36.2825
36.4425
36.38
36.7175
35.915
35.945
35.83
36.875
36.79
36.435
38.7975
38.8125
38.755
38.475
38.585
38.395
38.2925
38.4925
38.355
38.5
38.4325
38.46
38.725
38.5
38.345
37.8175
38.4
38.985
39.0025
38.675
38.1125
38.4075
38.4675
37.2575
36.69
36.63
36.3975
36.885
36.275
36.0225
35.9808
36.1175
35.9775
35.875
35.61
35.305
35.47
35.3525
35.37
35.4775
35.4
35.735
35.9
35.9325
36.0725
36.055
35.8125
35.9275
35.93
36.0475
35.92
35.2275
34.8475
35.375
35.315
34.9613
35.5275
35.1
35.25
35.18
34.8525
34.825
34.7125
34.8125
34.685
34.7375
34.765
34.8413
34.695
35
34.4725
34.27
34.285
33.9775
34.345
34.1075
34.0575
33.775
33.9175
33.88
33.3675
33.27
33.115
32.9125
32.8375
32.635
32.2825
32.0775
31.9937
31.7575
30.2875
30.2325
30.535
30.4175
30.105
29.8875
30
30.1125
29.85
30
29.585
29.7775
29.7237
29.685
29.6925
29.4875
29.195
28.98
28.9625
28.95
29.1625
29.1125
29.38
29.13
28.8975
29.0875
29.2
29.185
28.95
29.1175
28.845
28.76
28.46
28.3225
28.0775
27.715
27.315
27.375
27.5
27.2925
27.5912
27.9
27.695
27.8575
27.7825
27.84
27.9875
27.53
27.43
27.4525
26.675
26.6425
26.9275
26.78
27.7725
27.47
27.5775
27.52
27.1325
27.745
27.85
28.365
28.4125
28.4675
28.8475
28.5775
29.4875
29.275
29.2025
29.215
29.3125
29.545
29.3325
29.47
29.1975
29.3375
29.425
28.755
28.5775
28.425
28.35
28.265
28.1775
28.115
28.29
28.4225
28.25
27.91
28.605
28.5875
28.4625
28.2625
28.7975
28.78
28.465
27.1825
26.8775
25.6625
26.16
26.8125
26.9575
26.975
26.925
26.535
26.415
26.45
26.655
26.8525
26.8475
27.1412
27.1475
27.215
27.1925
27.3075
27.275
27.4075
27.035
26.945
27.13
27.1775
27.0575
26.88
26.5675
26.395
26.2025
26.5125
26.1025
26.0475
25.7075
26.0663
24.205
24.5625
24.815
24.9575
25
24.89
24.675
24.73
24.3475
24.3525
24.2925
24.1875
24.1225
23.925
23.65
23.8475
23.8725
23.61
23.4925
23.225
23.25
23.2275
23.985
24.0625
23.735
24
24.155
24.1125
24.455
24.33
24.6725
24.6325
24.625
24.755
24.8125
24.4975
24.4475
24.4
24.755
24.9
24.86
24.92
24.6675
24.305
23.9675
23.66
23.66
23.54
23.6375
23.0975
22.5
23.18
23.37
23.3325
23.25
23.3425
23.5
23.8
23.55
23.4913
23.4975
24.4025
24
25.9775
26.25
26.2525
26.7325
26.66
26.97
27.2225
28.0275
27.905
27.7
27.335
27.2425
27.2275
27.4875
27.5575
27.3775
27.605
27.195
27.43
27.1625
26.2225
26.5
26.3675
26.62
26.3125
26.4825
26.585
26.38
26.1525
25.99
25.4775
25.56
25.3525
25.3275
25.195
25.5975
25.5925
25.145
25.1275
24.4125
24.215
24.3
24.0125
23.495
24.1
24.0775
24
24.71
24.1675
23.755
23.5475
23.4475
23.98
23.5725
23.2825
24.13
23.965
23.75
23.855
24.1175
23.6975
23.4475
24.01
24.9825
25.38
24.6575
24.265
23.775
24.6025
24.05
24.49
25.08
25.1375
24.7425
24.6375
24.67
25.14
26.4375
25.6525
26.7525
27.145
26.74
26.8975
27.25
26.8175
26.85
26.82
27.2275
28.005
27.7675
27.985
28.045
28.7975
29.01
29.41
29.38
29.745
28.8225
29.1375
29.2625
29.6875
29.4975
29.5725
29.8025
29.3325
29.8175
29.8
29.41
28.94
28.73
27.845
28.8
29.065
29.0925
29.225
30.24
30.2775
30.4625
30.7825
30.1975
29.9675
30.2475
29.675
29.2325
28.85
29.52
29.175
28.5825
28.5
27.835
27.7
27.945
27.7325
27.8225
27.705
28.1825
27.5
27.5475
27.935
27.6575
27.47
27.0025
27.2675
27.5425
28.2075
28.4625
29.11
28.3125
28.4075
28.345
28.4175
28.0525
28.915
29.0625
28.9825
29.145
27.9475
27.5675
28.44
27.9125
27.2425
28.1225
27.5575
27.5375
28.0075
28.0425
28.0575
26.7712
27.7775
23.7175
27.6075
28.52
29.025
29.1075
29.01
28.58
29.01
28.1325
29.4525
29.1325
28.645
28.9925
28.2375
29.355
30.375
30.65
30.58
30.7875
30.845
30.7725
31.33
31.55
30.4975
33.2125
32.7425
32.27
31.935
31.43
31.51
31.2575
30.485
30.9625
31.12
31.4725
31.235
31.6075
31.725
31.3925
31.365
31.9175
32.215
31.8025
31.87
31.8725
31.9275
31.8075
31.93
31.7575
31.525
32.0463
32.295
31.98
31.675
32.225
32.375
32.395
32.665
32.465
32.8
32.8075
32.965
32.585
33.15
32.9
32.5175
32.5
32.6725
32.095
32.2675
31.8525
31.5375
31.4
31.8475
31.67
31.1925
31.64
32.0375
32.375
31.525
31.875
32.54
33.6138
33.0775
32.6225
32.075
31.7475
32.025
31.3925
31.3875
31.57
31.6025
31.75
32.0925
31.4875
31.4625
31.4625
31.91
31.1175
31.2575
31.205
31.5225
31.0125
31.1425
30.69
31.635
31.8075
31.78
32.0625
32.1875
31.75
31.475
30.97
31.1
30.5775
31.1875
31.6025
31.99
32.1
32.145
32.275
32.24
32.3125
32.5
32.1962
32.89
33.235
32.505
32.155
32.12
31.9063
31.8725
31.82
31.515
30.6925
30.0425
29.6375
30.005
30.005
29.625
29.625
29.5125
29.6
29.08
29.4063
28.105
28.435
28.075
27.565
27.2375
26.96
26.7575
27.5
27.26
27.8575
28.15
28.1675
27.3075
26.8
26.635
27.0725
27.8475
28.205
28.41
28.4475
28.025
28.145
28.3075
28.04
28.065
27.9675
26.78
26.5925
27.675
27.615
28.065
28.6025
27.5475
28.525
28.9975
28.9425
28.9375
28.375
29.7025
29.8175
29.485
29.7675
29.2125
29.3775
28.7275
28.86
28.485
28.5675
28.2875
27.95
27.345
27.175
27.255
27.1875
27.15
27.275
27.34
27.055
27.0025
26.7398
26.6625
26.35
26.2125
26.295
26.02
25.71
25.755
24.5787
24.375
23.8875
24.4925
25.0975
25.3325
25.1725
25.385
24.69
24.8575
24.9875
24.86
24.8175
25.1475
25.2025
24.6625
24.6325
25.1275
25.54
25.15
25.45
25.5725
25.4825
25.3175
24.95
25.7025
25.3025
25.1025
24.5025
24.77
24.825
24.7
24.7125
25.775
25.765
25.715
25.3975
25.255
25.355
25.4475
25.0725
25.1425
25.11
24.8525
24.6225
24.475
24.3325
24.0375
24.01
23.8175
23.565
23.7325
23.6875
23.84
24.0925
23.725
24.29
24.61
24.8325
24.455
24.2125
24.2587
23.855
23.67
23.7475
23.405
23.7575
24.2425
24.2
23.965
23.84
23.44
23.86
24.0675
23.535
23.4175
23.4662
23.38
23.025
22.705
22.5925
22.5525
22.6875
22.83
22.9625
23.0725
23.0675
23.0775
22.8775
23.05
23.51
23.5325
23.6825
23.175
23.2107
23.0786
22.7657
22.445
22.6414
22.785
22.4232
22.3579
21.9957
21.6875
21.6643
21.5654
21.5897
21.3518
21.0225
21.2393
21.1582
21.1429
20.9818
20.8764
21.0089
21.2589
21.4929
21.0764
21.155
21.1429
21.1657
21.205
20.4572
20.1618
20.2932
18.895
18.8682
18.7622
18.5714
18.5018
18.5811
18.6393
18.5357
18.9529
18.6657
18.7568
18.8579
19.2789
19.3354
19.3707
19.2057
19.2582
19.2257
19.2863
19.5186
19.3393
19.2293
18.9975
18.9247
19.0093
18.7822
18.8464
18.8854
19.1943
19.0897
19.1232
18.87
18.9675
19.0282
18.9614
18.9643
18.6936
18.8957
18.4693
18.7004
18.9064
18.6839
19.0283
19.0354
19.4554
19.5
19.3739
19.095
19.1768
18.9504
18.5236
18.6207
18.2164
18.0914
18.0661
17.9504
17.685
17.9479
17.9982
18.17
19.6454
19.7857
19.6407
19.6755
19.3211
19.6957
19.8179
19.7686
19.2222
18.9254
19.2797
19.5286
19.2432
19.44
19.1947
19.745
19.8457
19.7918
19.9093
20.1364
20.2893
20.3532
20.2857
19.4797
19.625
19.6322
19.8504
19.8222
20.1018
20.0765
20.25
20.1279
20.0322
20.2068
20.4518
20.1964
19.9393
19.9286
19.6243
19.1539
18.7186
18.6079
18.5543
18.4857
18.5439
18.5368
18.7497
18.8064
18.6718
18.5
18.4882
18.5711
18.3779
18.5564
18.7197
18.735
18.6107
18.715
18.75
18.5575
19.1525
18.8943
18.9755
18.75
18.5357
18.8002
18.2775
18.0711
17.8564
17.8854
17.768
17.4939
17.3925
17.5471
17.3086
17.4979
17.3771
17.2807
17.5182
17.3439
17.0875
17.0446
17.2779
17.3571
17.4714
17.6743
17.7179
17.0714
16.8107
16.5421
15.9986
16.4643
16.7622
16.7321
16.6789
18.0786
18.0357
17.8014
17.8661
17.8414
17.6107
17.5714
17.5589
17.3571
17.7857
17.8839
17.9739
18.035
17.9854
18.2039
18.0122
17.8625
17.7293
17.7814
16.8193
16.3164
16.38
16.5663
16.5643
16.715
16.5961
16.3575
16.2769
16.2496
16.07
15.7429
15.5464
15.7393
15.6761
15.2143
15.3379
15.4679
15.4779
15.3464
15.2329
15.1789
15.2732
15.1054
14.9857
14.7714
15.0039
15.0139
15.0307
14.6414
14.3818
13.9771
14.2589
14.425
14.4893
14.55
14.9461
14.975
15.4071
15.4129
15.4086
15.55
15.4464
15.6964
15.5621
15.8832
15.5893
15.9096
15.9161
16.1864
16.0975
16.1607
15.9161
15.7143
16.0679
15.7446
15.5696
15.8589
15.6482
15.4254
15.6804
15.1157
15.6843
16.2089
16.1254
16.3561
16.4218
16.3943
16.6061
16.2754
16.1182
15.7779
15.8736
15.5393
15.0161
14.6361
14.6866
14.055
14.4282
14.0229
13.8561
14.4639
15.0096
15.0561
15.25
15.5054
15.49
15.2893
15.2271
15.1732
15.1607
15.4914
15.4061
15.2714
15.7821
16.065
16.3021
16.6229
16.5961
16.235
16.0793
16.3364
16.4107
15.7661
15.6404
15.4582
15.3018
15.5571
15.3482
15.35
15.1607
15.5182
15.0529
15.2786
15.6429
15.8589
16.0154
15.8507
16.2089
16.0446
15.9286
16.3461
16.4679
16.7446
16.59
16.6861
17.1254
17.0179
16.9286
16.5446
16.3025
15.8589
16.2111
16.3968
16.3207
16.3214
16.375
15.6366
16.1318
16.4286
18.1718
18.02
17.8041
18.2254
17.6657
17.7964
17.9529
18.6072
18.8768
18.6607
18.9004
18.6429
19.1773
19.5672
19.7793
18.2332
18.2247
18.3407
18.5357
18.5839
18.3025
18.9286
18.9811
18.75
18.1761
18.3839
18.9697
19.5632
19.2775
18.75
19.7643
18.8907
20.3182
20.7786
21.2018
20.9568
21.0791
20.6168
21.0554
20.5679
20.2561
20.1518
20.4254
19.3111
18.7572
19.1975
19.4822
19.2468
19.7911
19.3007
20.0225
20.4941
21.0797
20.8398
21.2818
21.365
21.2457
21.7654
22.1429
22.1943
22.5357
21.8722
22.5375
22.8425
23.1739
22.6918
22.5839
22.4843
23.0893
22.8479
22.8089
23.1029
23.7572
23.9732
23.745
23.6361
23.97
24.2411
23.7247
23.8836
24.5807
24.5307
25.0861
24.97
25.0093
24.9957
24.9768
24.6413
24.1918
23.8161
23.7539
24.3018
24.2161
24.0418
24.1275
23.7772
23.8304
23.9514
24.1161
24.1063
24.2854
23.5539
23.7897
23.3722
23.9579
23.2147
22.8572
22.5432
22.5464
22.5668
22.2639
22.0968
22.0661
22.1211
22.2418
22.0461
21.9154
21.53
21.9966
21.5439
21.1043
20.5361
20.7057
20.5164
21.6922
21.2286
21.8939
21.8314
21.6639
21.8139
21.6114
21.5339
21.4372
21.6472
22.0704
21.6179
21.6818
21.4486
21.2457
20.8832
20.6429
20.4168
20.5357
20.4047
20.6179
20.68
20.9086
21.0075
20.8357
20.3914
20.3929
20.4014
20.5186
20.5164
20.99
20.4143
